0.000000e+000  1.057265e+001
1.532120e-004  1.056747e+001
5.346850e-004  1.050974e+001
9.161580e-004  1.038885e+001
1.297631e-003  1.020667e+001
1.679104e-003  9.966070e+000
2.060577e-003  9.670879e+000
2.442050e-003  9.325885e+000
2.823523e-003  8.936758e+000
3.204996e-003  8.509944e+000
3.586469e-003  8.052503e+000
3.967942e-003  7.571892e+000
4.349415e-003  7.075702e+000
4.730875e-003  6.571398e+000
5.112334e-003  6.065979e+000
5.493808e-003  5.565764e+000
5.875267e-003  5.076285e+000
6.256727e-003  4.602070e+000
6.638200e-003  4.146737e+000
7.019660e-003  3.713127e+000
7.401119e-003  3.303392e+000
7.782593e-003  2.919231e+000
8.164052e-003  2.562116e+000
8.545512e-003  2.233312e+000
8.926985e-003  1.933954e+000
9.308445e-003  1.664996e+000
9.689905e-003  1.426999e+000
1.007138e-002  1.219970e+000
1.045284e-002  1.043199e+000
1.083430e-002  8.950886e-001
1.121576e-002  7.731737e-001
1.159723e-002  6.742212e-001
1.197869e-002  5.944723e-001
1.236015e-002  5.299483e-001
1.274162e-002  4.768175e-001
1.312308e-002  4.317293e-001
1.350454e-002  3.920550e-001
1.388597e-002  3.560215e-001
1.426754e-002  3.226749e-001
1.464898e-002  2.917966e-001
1.503041e-002  2.635997e-001
1.541184e-002  2.385064e-001
1.579327e-002  2.168903e-001
1.617484e-002  1.988858e-001
1.655627e-002  1.843244e-001
1.693771e-002  1.727043e-001
1.731914e-002  1.633112e-001
1.770071e-002  1.553467e-001
1.808214e-002  1.480899e-001
1.846357e-002  1.409992e-001
1.884500e-002  1.337887e-001
1.922657e-002  1.264233e-001
1.960801e-002  1.190728e-001
1.998944e-002  1.120044e-001
2.037087e-002  1.054914e-001
2.075230e-002  9.972696e-002
2.113387e-002  9.477446e-002
2.151530e-002  9.056829e-002
2.189674e-002  8.693512e-002
2.227817e-002  8.365767e-002
2.265974e-002  8.053208e-002
2.304117e-002  7.742185e-002
2.342260e-002  7.427580e-002
2.380403e-002  7.112969e-002
2.418560e-002  6.807767e-002
2.456704e-002  6.523709e-002
2.494847e-002  6.270221e-002
2.532990e-002  6.051945e-002
2.571133e-002  5.867546e-002
2.609290e-002  5.710421e-002
2.647433e-002  5.571113e-002
2.685577e-002  5.439786e-002
2.723720e-002  5.309011e-002
2.761877e-002  5.175207e-002
2.800020e-002  5.039091e-002
2.838163e-002  4.904404e-002
2.876306e-002  4.776329e-002
2.914463e-002  4.659472e-002
2.952607e-002  4.556521e-002
2.990750e-002  4.467338e-002
3.028893e-002  4.389390e-002
3.067036e-002  4.318726e-002
3.105193e-002  4.251298e-002
3.143336e-002  4.184277e-002
3.181480e-002  4.116613e-002
3.219623e-002  4.049178e-002
3.257780e-002  3.984105e-002
3.295923e-002  3.923925e-002
3.334066e-002  3.870423e-002
3.372209e-002  3.824047e-002
3.410366e-002  3.783684e-002
3.448510e-002  3.747062e-002
3.486653e-002  3.711403e-002
3.524796e-002  3.674324e-002
3.562953e-002  3.634510e-002
3.601096e-002  3.592086e-002
3.639239e-002  3.548398e-002
3.677383e-002  3.505547e-002
3.715526e-002  3.465666e-002
3.753683e-002  3.430227e-002
3.791826e-002  3.399671e-002
3.829969e-002  3.373274e-002
3.868112e-002  3.349507e-002
3.906269e-002  3.326546e-002
3.944413e-002  3.302904e-002
3.982556e-002  3.277828e-002
4.020699e-002  3.251498e-002
4.058856e-002  3.224876e-002
4.096999e-002  3.199348e-002
4.135142e-002  3.176171e-002
4.173286e-002  3.156073e-002
4.211429e-002  3.139008e-002
4.249586e-002  3.124169e-002
4.287729e-002  3.110281e-002
4.325872e-002  3.095976e-002
4.364015e-002  3.080234e-002
4.402172e-002  3.062658e-002
4.440316e-002  3.043587e-002
4.478459e-002  3.023909e-002
4.516602e-002  3.004779e-002
4.554759e-002  2.987248e-002
4.592902e-002  2.971979e-002
4.631045e-002  2.959061e-002
4.669189e-002  2.948066e-002
4.707332e-002  2.938245e-002
4.745489e-002  2.928800e-002
4.783632e-002  2.919162e-002
4.821775e-002  2.909134e-002
4.859918e-002  2.898921e-002
4.898075e-002  2.888991e-002
4.936219e-002  2.879873e-002
4.974362e-002  2.871910e-002
5.012505e-002  2.865119e-002
5.050662e-002  2.859152e-002
5.088805e-002  2.853411e-002
5.126948e-002  2.847224e-002
5.165092e-002  2.840080e-002
5.203249e-002  2.831792e-002
5.241392e-002  2.822577e-002
5.279535e-002  2.812971e-002
5.317678e-002  2.803680e-002
5.355821e-002  2.795355e-002
5.393978e-002  2.788395e-002
5.432122e-002  2.782845e-002
5.470265e-002  2.778385e-002
5.508408e-002  2.774452e-002
5.546565e-002  2.770430e-002
5.584708e-002  2.765842e-002
5.622851e-002  2.760494e-002
5.660995e-002  2.754518e-002
5.699152e-002  2.748313e-002
5.737295e-002  2.742409e-002
5.775438e-002  2.737276e-002
5.813581e-002  2.733180e-002
5.851724e-002  2.730104e-002
5.889881e-002  2.727759e-002
5.928025e-002  2.725689e-002
5.966168e-002  2.723416e-002
6.004311e-002  2.720590e-002
6.042468e-002  2.717091e-002
6.080611e-002  2.713051e-002
6.118754e-002  2.708787e-002
6.156898e-002  2.704690e-002
6.195055e-002  2.701086e-002
6.233198e-002  2.698130e-002
6.271341e-002  2.695757e-002
6.309484e-002  2.693716e-002
6.347627e-002  2.691651e-002
6.385784e-002  2.689228e-002
6.423928e-002  2.686237e-002
6.462071e-002  2.682657e-002
6.500214e-002  2.678656e-002
6.538371e-002  2.674526e-002
6.576514e-002  2.670589e-002
6.614657e-002  2.667090e-002
6.652801e-002  2.664125e-002
6.690958e-002  2.661621e-002
6.729101e-002  2.659374e-002
6.767244e-002  2.657120e-002
6.805387e-002  2.654635e-002
6.843544e-002  2.651800e-002
6.881687e-002  2.648646e-002
6.919831e-002  2.645328e-002
6.957974e-002  2.642071e-002
6.996117e-002  2.639092e-002
7.034274e-002  2.636520e-002
7.072417e-002  2.634366e-002
7.110560e-002  2.632514e-002
7.148704e-002  2.630768e-002
7.186861e-002  2.628923e-002
7.225004e-002  2.626830e-002
7.263147e-002  2.624447e-002
7.301290e-002  2.621847e-002
7.339447e-002  2.619190e-002
7.377590e-002  2.616667e-002
7.415734e-002  2.614432e-002
7.453877e-002  2.612552e-002
7.492020e-002  2.610992e-002
7.530177e-002  2.609623e-002
7.568320e-002  2.608279e-002
7.606463e-002  2.606808e-002
7.644607e-002  2.605127e-002
7.682764e-002  2.603247e-002
7.720907e-002  2.601269e-002
7.759050e-002  2.599342e-002
7.797193e-002  2.597612e-002
7.835350e-002  2.596172e-002
7.873493e-002  2.595025e-002
7.911637e-002  2.594088e-002
7.949780e-002  2.593217e-002
7.987923e-002  2.592256e-002
8.026080e-002  2.591089e-002
8.064223e-002  2.589681e-002
8.102366e-002  2.588083e-002
8.140510e-002  2.586416e-002
8.178667e-002  2.584827e-002
8.216810e-002  2.583440e-002
8.254953e-002  2.582315e-002
8.293096e-002  2.581424e-002
8.331253e-002  2.580665e-002
8.369396e-002  2.579900e-002
8.407540e-002  2.578993e-002
8.445683e-002  2.577865e-002
8.483826e-002  2.576515e-002
8.521983e-002  2.575020e-002
8.560126e-002  2.573509e-002
8.598269e-002  2.572123e-002
8.636413e-002  2.570964e-002
8.674570e-002  2.570063e-002
8.712713e-002  2.569375e-002
8.750856e-002  2.568790e-002
8.788999e-002  2.568175e-002
8.827156e-002  2.567412e-002
8.865299e-002  2.566442e-002
8.903443e-002  2.565274e-002
8.941586e-002  2.563988e-002
8.979743e-002  2.562696e-002
9.017886e-002  2.561512e-002
9.056029e-002  2.560506e-002
9.094172e-002  2.559684e-002
9.132316e-002  2.558991e-002
9.170473e-002  2.558324e-002
9.208616e-002  2.557574e-002
9.246759e-002  2.556660e-002
9.284902e-002  2.555555e-002
9.323059e-002  2.554295e-002
9.361202e-002  2.552965e-002
9.399346e-002  2.551667e-002
9.437489e-002  2.550486e-002
9.475646e-002  2.549462e-002
9.513789e-002  2.548574e-002
9.551932e-002  2.547753e-002
9.590075e-002  2.546904e-002
9.628219e-002  2.545941e-002
9.666376e-002  2.544819e-002
9.704519e-002  2.543550e-002
9.742662e-002  2.542203e-002
9.780805e-002  2.540876e-002
9.818962e-002  2.539672e-002
9.857105e-002  2.538659e-002
9.895249e-002  2.537849e-002
9.933392e-002  2.537192e-002
9.971549e-002  2.536594e-002
1.000969e-001  2.535948e-002
1.004784e-001  2.535164e-002
1.008598e-001  2.534201e-002
1.012412e-001  2.533080e-002
1.016228e-001  2.531875e-002
1.020042e-001  2.530691e-002
1.023856e-001  2.529628e-002
1.027671e-001  2.528749e-002
1.031487e-001  2.528066e-002
1.035301e-001  2.527530e-002
1.039115e-001  2.527055e-002
1.042929e-001  2.526540e-002
1.046745e-001  2.525907e-002
1.050560e-001  2.525120e-002
1.054374e-001  2.524198e-002
1.058188e-001  2.523202e-002
1.062004e-001  2.522216e-002
1.065818e-001  2.521321e-002
1.069632e-001  2.520563e-002
1.073447e-001  2.519947e-002
1.077261e-001  2.519433e-002
1.081077e-001  2.518956e-002
1.084891e-001  2.518450e-002
1.088705e-001  2.517871e-002
1.092520e-001  2.517213e-002
1.096335e-001  2.516508e-002
1.100150e-001  2.515818e-002
1.103964e-001  2.515210e-002
1.107778e-001  2.514731e-002
1.111594e-001  2.514395e-002
1.115408e-001  2.514178e-002
1.119223e-001  2.514019e-002
1.123037e-001  2.513851e-002
1.126851e-001  2.513611e-002
1.130667e-001  2.513271e-002
1.134481e-001  2.512837e-002
1.138296e-001  2.512353e-002
1.142110e-001  2.511880e-002
1.145926e-001  2.511474e-002
1.149740e-001  2.511170e-002
1.153554e-001  2.510967e-002
1.157369e-001  2.510829e-002
1.161184e-001  2.510699e-002
1.164999e-001  2.510516e-002
1.168813e-001  2.510239e-002
1.172627e-001  2.509859e-002
1.176442e-001  2.509402e-002
1.180257e-001  2.508919e-002
1.184072e-001  2.508472e-002
1.187886e-001  2.508108e-002
1.191700e-001  2.507846e-002
1.195516e-001  2.507669e-002
1.199330e-001  2.507530e-002
1.203145e-001  2.507372e-002
1.206959e-001  2.507142e-002
1.210775e-001  2.506817e-002
1.214589e-001  2.506406e-002
1.218403e-001  2.505956e-002
1.222218e-001  2.505529e-002
1.226032e-001  2.505188e-002
1.229848e-001  2.504974e-002
1.233662e-001  2.504890e-002
1.237476e-001  2.504902e-002
1.241291e-001  2.504947e-002
1.245106e-001  2.504953e-002
1.248921e-001  2.504865e-002
1.252735e-001  2.504659e-002
1.256549e-001  2.504353e-002
1.260365e-001  2.503998e-002
1.264179e-001  2.503670e-002
1.267994e-001  2.503438e-002
1.271808e-001  2.503346e-002
1.275624e-001  2.503402e-002
1.279438e-001  2.503568e-002
1.283252e-001  2.503781e-002
1.287067e-001  2.503962e-002
1.290881e-001  2.504048e-002
1.294697e-001  2.504004e-002
1.298511e-001  2.503834e-002
1.302325e-001  2.503580e-002
1.306140e-001  2.503307e-002
1.309955e-001  2.503081e-002
1.313770e-001  2.502955e-002
1.317584e-001  2.502950e-002
1.321398e-001  2.503053e-002
1.325214e-001  2.503224e-002
1.329028e-001  2.503410e-002
1.332843e-001  2.503559e-002
1.336657e-001  2.503634e-002
1.340471e-001  2.503622e-002
1.344287e-001  2.503534e-002
1.348101e-001  2.503394e-002
1.351916e-001  2.503232e-002
1.355730e-001  2.503073e-002
1.359546e-001  2.502929e-002
1.363360e-001  2.502799e-002
1.367174e-001  2.502677e-002
1.370989e-001  2.502554e-002
1.374804e-001  2.502426e-002
1.378619e-001  2.502297e-002
1.382429e-001  2.502178e-002
1.386251e-001  2.502078e-002
1.390060e-001  2.502002e-002
1.393883e-001  2.501938e-002
1.397692e-001  2.501866e-002
1.401500e-001  2.501756e-002
1.405323e-001  2.501577e-002
1.409132e-001  2.501312e-002
1.412954e-001  2.500963e-002
1.416763e-001  2.500556e-002
1.420586e-001  2.500130e-002
1.424395e-001  2.499741e-002
1.428203e-001  2.499430e-002
1.432026e-001  2.499222e-002
1.435835e-001  2.499117e-002
1.439657e-001  2.499086e-002
1.443466e-001  2.499080e-002
1.447275e-001  2.499049e-002
1.451098e-001  2.498949e-002
1.454906e-001  2.498762e-002
1.458729e-001  2.498496e-002
1.462538e-001  2.498186e-002
1.466360e-001  2.497878e-002
1.470169e-001  2.497618e-002
1.473978e-001  2.497438e-002
1.477801e-001  2.497342e-002
1.481609e-001  2.497313e-002
1.485432e-001  2.497310e-002
1.489241e-001  2.497290e-002
1.493063e-001  2.497215e-002
1.496872e-001  2.497069e-002
1.500681e-001  2.496858e-002
1.504504e-001  2.496608e-002
1.508312e-001  2.496359e-002
1.512135e-001  2.496144e-002
1.515944e-001  2.495991e-002
1.519766e-001  2.495900e-002
1.523575e-001  2.495857e-002
1.527384e-001  2.495831e-002
1.531207e-001  2.495790e-002
1.535015e-001  2.495710e-002
1.538838e-001  2.495583e-002
1.542647e-001  2.495418e-002
1.546469e-001  2.495236e-002
1.550278e-001  2.495065e-002
1.554087e-001  2.494926e-002
1.557910e-001  2.494827e-002
1.561718e-001  2.494762e-002
1.565541e-001  2.494711e-002
1.569350e-001  2.494650e-002
1.573159e-001  2.494559e-002
1.576981e-001  2.494430e-002
1.580790e-001  2.494271e-002
1.584613e-001  2.494099e-002
1.588421e-001  2.493942e-002
1.592244e-001  2.493820e-002
1.596053e-001  2.493742e-002
1.599862e-001  2.493701e-002
1.603684e-001  2.493676e-002
1.607493e-001  2.493638e-002
1.611316e-001  2.493561e-002
1.615124e-001  2.493431e-002
1.618947e-001  2.493250e-002
1.622756e-001  2.493040e-002
1.626565e-001  2.492831e-002
1.630387e-001  2.492654e-002
1.634196e-001  2.492535e-002
1.638019e-001  2.492477e-002
1.641827e-001  2.492466e-002
1.645650e-001  2.492472e-002
1.649459e-001  2.492457e-002
1.653268e-001  2.492393e-002
1.657090e-001  2.492260e-002
1.660899e-001  2.492067e-002
1.664722e-001  2.491833e-002
1.668530e-001  2.491598e-002
1.672339e-001  2.491393e-002
1.676162e-001  2.491246e-002
1.679971e-001  2.491163e-002
1.683793e-001  2.491130e-002
1.687602e-001  2.491120e-002
1.691425e-001  2.491098e-002
1.695233e-001  2.491035e-002
1.699042e-001  2.490916e-002
1.702865e-001  2.490743e-002
1.706674e-001  2.490536e-002
1.710496e-001  2.490322e-002
1.714305e-001  2.490131e-002
1.718128e-001  2.489981e-002
1.721936e-001  2.489877e-002
1.725745e-001  2.489809e-002
1.729568e-001  2.489756e-002
1.733377e-001  2.489696e-002
1.737199e-001  2.489612e-002
1.741008e-001  2.489501e-002
1.744831e-001  2.489366e-002
1.748639e-001  2.489225e-002
1.752448e-001  2.489093e-002
1.756271e-001  2.488981e-002
1.760080e-001  2.488891e-002
1.763902e-001  2.488813e-002
1.767711e-001  2.488731e-002
1.771520e-001  2.488626e-002
1.775342e-001  2.488489e-002
1.779151e-001  2.488324e-002
1.782974e-001  2.488146e-002
1.786783e-001  2.487980e-002
1.790605e-001  2.487851e-002
1.794414e-001  2.487778e-002
1.798223e-001  2.487761e-002
1.802045e-001  2.487785e-002
1.805854e-001  2.487822e-002
1.809677e-001  2.487835e-002
1.813486e-001  2.487796e-002
1.817308e-001  2.487690e-002
1.821117e-001  2.487524e-002
1.824926e-001  2.487321e-002
1.828748e-001  2.487117e-002
1.832557e-001  2.486951e-002
1.836380e-001  2.486847e-002
1.840189e-001  2.486814e-002
1.844011e-001  2.486835e-002
1.847820e-001  2.486881e-002
1.851629e-001  2.486913e-002
1.855451e-001  2.486900e-002
1.859260e-001  2.486825e-002
1.863083e-001  2.486691e-002
1.866892e-001  2.486523e-002
1.870700e-001  2.486352e-002
1.874523e-001  2.486211e-002
1.878332e-001  2.486123e-002
1.882154e-001  2.486090e-002
1.885963e-001  2.486096e-002
1.889786e-001  2.486113e-002
1.893595e-001  2.486110e-002
1.897403e-001  2.486064e-002
1.901226e-001  2.485971e-002
1.905035e-001  2.485842e-002
1.908857e-001  2.485704e-002
1.912666e-001  2.485588e-002
1.916489e-001  2.485517e-002
1.920298e-001  2.485498e-002
1.924106e-001  2.485518e-002
1.927929e-001  2.485550e-002
1.931738e-001  2.485557e-002
1.935560e-001  2.485513e-002
1.939369e-001  2.485405e-002
1.943192e-001  2.485244e-002
1.947001e-001  2.485064e-002
1.950809e-001  2.484906e-002
1.954632e-001  2.484809e-002
1.958441e-001  2.484795e-002
1.962263e-001  2.484858e-002
1.966072e-001  2.484967e-002
1.969881e-001  2.485070e-002
1.973704e-001  2.485113e-002
1.977512e-001  2.485053e-002
1.981335e-001  2.484877e-002
1.985144e-001  2.484609e-002
1.988966e-001  2.484300e-002
1.992775e-001  2.484020e-002
1.996584e-001  2.483834e-002
2.000407e-001  2.483786e-002
2.004215e-001  2.483883e-002
2.008038e-001  2.484091e-002
2.011847e-001  2.484344e-002
2.015669e-001  2.484563e-002
2.019478e-001  2.484676e-002
2.023287e-001  2.484639e-002
2.027110e-001  2.484446e-002
2.030918e-001  2.484136e-002
2.034741e-001  2.483772e-002
2.038550e-001  2.483433e-002
2.042372e-001  2.483182e-002
2.046181e-001  2.483059e-002
2.049990e-001  2.483064e-002
2.053813e-001  2.483162e-002
2.057621e-001  2.483296e-002
2.061444e-001  2.483404e-002
2.065253e-001  2.483437e-002
2.069062e-001  2.483374e-002
2.072884e-001  2.483222e-002
2.076693e-001  2.483017e-002
2.080516e-001  2.482805e-002
2.084324e-001  2.482631e-002
2.088147e-001  2.482524e-002
2.091956e-001  2.482490e-002
2.095765e-001  2.482509e-002
2.099587e-001  2.482547e-002
2.103396e-001  2.482565e-002
2.107219e-001  2.482536e-002
2.111027e-001  2.482445e-002
2.114850e-001  2.482301e-002
2.118659e-001  2.482127e-002
2.122468e-001  2.481954e-002
2.126290e-001  2.481809e-002
2.130099e-001  2.481708e-002
2.133922e-001  2.481652e-002
2.137730e-001  2.481626e-002
2.141553e-001  2.481609e-002
2.145362e-001  2.481581e-002
2.149171e-001  2.481525e-002
2.152993e-001  2.481439e-002
2.156802e-001  2.481330e-002
2.160625e-001  2.481212e-002
2.164433e-001  2.481102e-002
2.168242e-001  2.481007e-002
2.172065e-001  2.480928e-002
2.175874e-001  2.480860e-002
2.179696e-001  2.480791e-002
2.183505e-001  2.480711e-002
2.187328e-001  2.480616e-002
2.191136e-001  2.480508e-002
2.194945e-001  2.480399e-002
2.198768e-001  2.480301e-002
2.202577e-001  2.480225e-002
2.206399e-001  2.480174e-002
2.210208e-001  2.480139e-002
2.214031e-001  2.480107e-002
2.217839e-001  2.480058e-002
2.221648e-001  2.479977e-002
2.225471e-001  2.479859e-002
2.229280e-001  2.479710e-002
2.233102e-001  2.479549e-002
2.236911e-001  2.479402e-002
2.240734e-001  2.479289e-002
2.244542e-001  2.479225e-002
2.248351e-001  2.479207e-002
2.252174e-001  2.479220e-002
2.255983e-001  2.479237e-002
2.259805e-001  2.479228e-002
2.263614e-001  2.479173e-002
2.267423e-001  2.479064e-002
2.271245e-001  2.478911e-002
2.275054e-001  2.478738e-002
2.278877e-001  2.478575e-002
2.282686e-001  2.478450e-002
2.286508e-001  2.478380e-002
2.290317e-001  2.478363e-002
2.294126e-001  2.478383e-002
2.297948e-001  2.478412e-002
2.301757e-001  2.478420e-002
2.305580e-001  2.478387e-002
2.309389e-001  2.478307e-002
2.313211e-001  2.478190e-002
2.317020e-001  2.478058e-002
2.320829e-001  2.477937e-002
2.324651e-001  2.477850e-002
2.328460e-001  2.477806e-002
2.332283e-001  2.477800e-002
2.336092e-001  2.477813e-002
2.339914e-001  2.477821e-002
2.343723e-001  2.477805e-002
2.347532e-001  2.477755e-002
2.351354e-001  2.477674e-002
2.355163e-001  2.477582e-002
2.358986e-001  2.477500e-002
2.362795e-001  2.477450e-002
2.366603e-001  2.477440e-002
2.370426e-001  2.477462e-002
2.374235e-001  2.477496e-002
2.378057e-001  2.477514e-002
2.381866e-001  2.477492e-002
2.385689e-001  2.477417e-002
2.389498e-001  2.477298e-002
2.393306e-001  2.477158e-002
2.397129e-001  2.477034e-002
2.400938e-001  2.476958e-002
2.404760e-001  2.476952e-002
2.408569e-001  2.477012e-002
2.412392e-001  2.477113e-002
2.416201e-001  2.477210e-002
2.420009e-001  2.477257e-002
2.423832e-001  2.477219e-002
2.427641e-001  2.477087e-002
2.431463e-001  2.476881e-002
2.435272e-001  2.476649e-002
2.439095e-001  2.476452e-002
2.442904e-001  2.476342e-002
2.446712e-001  2.476350e-002
2.450535e-001  2.476469e-002
2.454344e-001  2.476653e-002
2.458166e-001  2.476835e-002
2.461975e-001  2.476940e-002
2.465798e-001  2.476914e-002
2.469607e-001  2.476740e-002
2.473415e-001  2.476449e-002
2.477238e-001  2.476112e-002
2.481047e-001  2.475823e-002
2.484869e-001  2.475669e-002
2.488678e-001  2.475705e-002
2.492487e-001  2.475931e-002
2.496310e-001  2.476292e-002
2.500118e-001  2.476684e-002
2.503941e-001  2.476989e-002
2.507750e-001  2.477099e-002
2.511572e-001  2.476955e-002
2.515381e-001  2.476564e-002
2.519190e-001  2.475999e-002
2.523013e-001  2.475381e-002
2.526821e-001  2.474854e-002
2.530644e-001  2.474536e-002
2.534453e-001  2.474501e-002
2.538275e-001  2.474748e-002
2.542084e-001  2.475208e-002
2.545893e-001  2.475763e-002
2.549716e-001  2.476276e-002
2.553524e-001  2.476627e-002
2.557347e-001  2.476746e-002
2.561156e-001  2.476627e-002
2.564978e-001  2.476324e-002
2.568787e-001  2.475935e-002
2.572596e-001  2.475571e-002
2.576419e-001  2.475321e-002
2.580227e-001  2.475237e-002
2.584050e-001  2.475315e-002
2.587859e-001  2.475507e-002
2.591668e-001  2.475736e-002
2.595490e-001  2.475926e-002
2.599299e-001  2.476017e-002
2.603122e-001  2.475991e-002
2.606930e-001  2.475869e-002
2.610753e-001  2.475699e-002
2.614562e-001  2.475543e-002
2.618371e-001  2.475453e-002
2.622193e-001  2.475456e-002
2.626002e-001  2.475543e-002
2.629825e-001  2.475681e-002
2.633633e-001  2.475817e-002
2.637456e-001  2.475904e-002
2.641265e-001  2.475910e-002
2.645074e-001  2.475834e-002
2.648896e-001  2.475699e-002
2.652705e-001  2.475551e-002
2.656528e-001  2.475434e-002
2.660336e-001  2.475386e-002
2.664159e-001  2.475418e-002
2.667968e-001  2.475518e-002
2.671777e-001  2.475648e-002
2.675599e-001  2.475767e-002
2.679408e-001  2.475835e-002
2.683231e-001  2.475830e-002
2.687039e-001  2.475754e-002
2.690848e-001  2.475633e-002
2.694671e-001  2.475503e-002
2.698480e-001  2.475404e-002
2.702302e-001  2.475364e-002
2.706111e-001  2.475391e-002
2.709934e-001  2.475472e-002
2.713742e-001  2.475580e-002
2.717551e-001  2.475681e-002
2.721374e-001  2.475747e-002
2.725183e-001  2.475763e-002
2.729005e-001  2.475733e-002
2.732814e-001  2.475675e-002
2.736637e-001  2.475615e-002
2.740445e-001  2.475578e-002
2.744254e-001  2.475578e-002
2.748077e-001  2.475616e-002
2.751886e-001  2.475677e-002
2.755708e-001  2.475742e-002
2.759517e-001  2.475789e-002
2.763340e-001  2.475808e-002
2.767148e-001  2.475798e-002
2.770957e-001  2.475772e-002
2.774780e-001  2.475749e-002
2.778589e-001  2.475751e-002
2.782411e-001  2.475788e-002
2.786220e-001  2.475860e-002
2.790029e-001  2.475954e-002
2.793851e-001  2.476049e-002
2.797660e-001  2.476121e-002
2.801483e-001  2.476154e-002
2.805292e-001  2.476144e-002
2.809114e-001  2.476102e-002
2.812923e-001  2.476052e-002
2.816732e-001  2.476018e-002
2.820554e-001  2.476023e-002
2.824363e-001  2.476077e-002
2.828186e-001  2.476173e-002
2.831995e-001  2.476293e-002
2.835817e-001  2.476407e-002
2.839626e-001  2.476490e-002
2.843435e-001  2.476524e-002
2.847257e-001  2.476508e-002
2.851066e-001  2.476457e-002
2.854889e-001  2.476395e-002
2.858698e-001  2.476353e-002
2.862520e-001  2.476354e-002
2.866329e-001  2.476407e-002
2.870138e-001  2.476507e-002
2.873960e-001  2.476632e-002
2.877769e-001  2.476752e-002
2.881592e-001  2.476840e-002
2.885401e-001  2.476878e-002
2.889209e-001  2.476862e-002
2.893032e-001  2.476805e-002
2.896841e-001  2.476731e-002
2.900663e-001  2.476669e-002
2.904472e-001  2.476642e-002
2.908295e-001  2.476663e-002
2.912104e-001  2.476730e-002
2.915912e-001  2.476826e-002
2.919735e-001  2.476929e-002
2.923544e-001  2.477013e-002
2.927366e-001  2.477061e-002
2.931175e-001  2.477068e-002
2.934998e-001  2.477040e-002
2.938807e-001  2.476992e-002
2.942615e-001  2.476945e-002
2.946438e-001  2.476915e-002
2.950247e-001  2.476911e-002
2.954069e-001  2.476935e-002
2.957878e-001  2.476978e-002
2.961701e-001  2.477026e-002
2.965510e-001  2.477066e-002
2.969318e-001  2.477091e-002
2.973141e-001  2.477098e-002
2.976950e-001  2.477092e-002
2.980772e-001  2.477082e-002
2.984581e-001  2.477076e-002
2.988390e-001  2.477077e-002
2.992213e-001  2.477087e-002
2.996021e-001  2.477099e-002
2.999844e-001  2.477107e-002
3.003653e-001  2.477104e-002
3.007475e-001  2.477090e-002
3.011284e-001  2.477069e-002
3.015093e-001  2.477048e-002
3.018916e-001  2.477038e-002
3.022724e-001  2.477048e-002
3.026547e-001  2.477080e-002
3.030356e-001  2.477129e-002
3.034178e-001  2.477184e-002
3.037987e-001  2.477229e-002
3.041796e-001  2.477251e-002
3.045619e-001  2.477242e-002
3.049427e-001  2.477205e-002
3.053250e-001  2.477149e-002
3.057059e-001  2.477092e-002
3.060881e-001  2.477053e-002
3.064690e-001  2.477044e-002
3.068499e-001  2.477073e-002
3.072322e-001  2.477131e-002
3.076130e-001  2.477205e-002
3.079953e-001  2.477275e-002
3.083762e-001  2.477319e-002
3.087571e-001  2.477325e-002
3.091393e-001  2.477290e-002
3.095202e-001  2.477222e-002
3.099025e-001  2.477138e-002
3.102833e-001  2.477059e-002
3.106656e-001  2.477001e-002
3.110465e-001  2.476976e-002
3.114274e-001  2.476984e-002
3.118096e-001  2.477016e-002
3.121905e-001  2.477056e-002
3.125728e-001  2.477088e-002
3.129536e-001  2.477096e-002
3.133359e-001  2.477076e-002
3.137168e-001  2.477028e-002
3.140977e-001  2.476962e-002
3.144799e-001  2.476889e-002
3.148608e-001  2.476823e-002
3.152431e-001  2.476770e-002
3.156239e-001  2.476735e-002
3.160062e-001  2.476713e-002
3.163871e-001  2.476700e-002
3.167680e-001  2.476687e-002
3.171502e-001  2.476669e-002
3.175311e-001  2.476645e-002
3.179134e-001  2.476614e-002
3.182942e-001  2.476581e-002
3.186751e-001  2.476548e-002
3.190574e-001  2.476516e-002
3.194383e-001  2.476484e-002
3.198205e-001  2.476449e-002
3.202014e-001  2.476407e-002
3.205837e-001  2.476358e-002
3.209645e-001  2.476302e-002
3.213454e-001  2.476246e-002
3.217277e-001  2.476196e-002
3.221086e-001  2.476162e-002
3.224908e-001  2.476147e-002
3.228717e-001  2.476152e-002
3.232540e-001  2.476169e-002
3.236348e-001  2.476187e-002
3.240157e-001  2.476194e-002
3.243980e-001  2.476178e-002
3.247789e-001  2.476134e-002
3.251611e-001  2.476063e-002
3.255420e-001  2.475978e-002
3.259243e-001  2.475891e-002
3.263051e-001  2.475819e-002
3.266860e-001  2.475775e-002
3.270683e-001  2.475762e-002
3.274492e-001  2.475775e-002
3.278314e-001  2.475803e-002
3.282123e-001  2.475828e-002
3.285932e-001  2.475833e-002
3.289754e-001  2.475808e-002
3.293563e-001  2.475748e-002
3.297386e-001  2.475660e-002
3.301195e-001  2.475558e-002
3.305017e-001  2.475458e-002
3.308826e-001  2.475374e-002
3.312635e-001  2.475316e-002
3.316457e-001  2.475286e-002
3.320266e-001  2.475277e-002
3.324089e-001  2.475278e-002
3.327898e-001  2.475275e-002
3.331720e-001  2.475257e-002
3.335529e-001  2.475216e-002
3.339338e-001  2.475152e-002
3.343160e-001  2.475070e-002
3.346969e-001  2.474979e-002
3.350792e-001  2.474886e-002
3.354601e-001  2.474799e-002
3.358423e-001  2.474720e-002
3.362232e-001  2.474650e-002
3.366041e-001  2.474584e-002
3.369863e-001  2.474521e-002
3.373672e-001  2.474456e-002
3.377495e-001  2.474390e-002
3.381304e-001  2.474323e-002
3.385126e-001  2.474255e-002
3.388935e-001  2.474187e-002
3.392744e-001  2.474117e-002
3.396566e-001  2.474042e-002
3.400375e-001  2.473959e-002
3.404198e-001  2.473865e-002
3.408007e-001  2.473762e-002
3.411815e-001  2.473653e-002
3.415638e-001  2.473545e-002
3.419447e-001  2.473449e-002
3.423269e-001  2.473370e-002
3.427078e-001  2.473312e-002
3.430901e-001  2.473275e-002
3.434710e-001  2.473249e-002
3.438518e-001  2.473222e-002
3.442341e-001  2.473181e-002
3.446150e-001  2.473117e-002
3.449972e-001  2.473025e-002
3.453781e-001  2.472909e-002
3.457604e-001  2.472779e-002
3.461413e-001  2.472650e-002
3.465221e-001  2.472539e-002
3.469044e-001  2.472454e-002
3.472853e-001  2.472399e-002
3.476675e-001  2.472369e-002
3.480484e-001  2.472352e-002
3.484307e-001  2.472331e-002
3.488116e-001  2.472291e-002
3.491924e-001  2.472224e-002
3.495747e-001  2.472127e-002
3.499556e-001  2.472008e-002
3.503378e-001  2.471878e-002
3.507187e-001  2.471753e-002
3.510996e-001  2.471645e-002
3.514819e-001  2.471559e-002
3.518627e-001  2.471496e-002
3.522450e-001  2.471448e-002
3.526259e-001  2.471405e-002
3.530081e-001  2.471357e-002
3.533890e-001  2.471296e-002
3.537699e-001  2.471222e-002
3.541522e-001  2.471136e-002
3.545330e-001  2.471046e-002
3.549153e-001  2.470957e-002
3.552962e-001  2.470874e-002
3.556784e-001  2.470797e-002
3.560593e-001  2.470723e-002
3.564402e-001  2.470646e-002
3.568225e-001  2.470560e-002
3.572033e-001  2.470464e-002
3.575856e-001  2.470359e-002
3.579665e-001  2.470254e-002
3.583487e-001  2.470157e-002
3.587296e-001  2.470078e-002
3.591105e-001  2.470021e-002
3.594928e-001  2.469985e-002
3.598736e-001  2.469960e-002
3.602559e-001  2.469934e-002
3.606368e-001  2.469892e-002
3.610177e-001  2.469826e-002
3.613999e-001  2.469730e-002
3.617808e-001  2.469611e-002
3.621631e-001  2.469481e-002
3.625439e-001  2.469359e-002
3.629262e-001  2.469258e-002
3.633071e-001  2.469190e-002
3.636880e-001  2.469155e-002
3.640702e-001  2.469144e-002
3.644511e-001  2.469140e-002
3.648334e-001  2.469126e-002
3.652142e-001  2.469085e-002
3.655965e-001  2.469010e-002
3.659774e-001  2.468904e-002
3.663583e-001  2.468779e-002
3.667405e-001  2.468654e-002
3.671214e-001  2.468547e-002
3.675037e-001  2.468473e-002
3.678845e-001  2.468436e-002
3.682668e-001  2.468431e-002
3.686477e-001  2.468441e-002
3.690286e-001  2.468449e-002
3.694108e-001  2.468435e-002
3.697917e-001  2.468388e-002
3.701740e-001  2.468307e-002
3.705548e-001  2.468200e-002
3.709357e-001  2.468082e-002
3.713180e-001  2.467972e-002
3.716989e-001  2.467886e-002
3.720811e-001  2.467833e-002
3.724620e-001  2.467815e-002
3.728443e-001  2.467821e-002
3.732251e-001  2.467839e-002
3.736060e-001  2.467853e-002
3.739883e-001  2.467850e-002
3.743692e-001  2.467825e-002
3.747514e-001  2.467778e-002
3.751323e-001  2.467716e-002
3.755146e-001  2.467648e-002
3.758954e-001  2.467586e-002
3.762763e-001  2.467536e-002
3.766586e-001  2.467502e-002
3.770395e-001  2.467483e-002
3.774217e-001  2.467474e-002
3.778026e-001  2.467470e-002
3.781849e-001  2.467466e-002
3.785657e-001  2.467460e-002
3.789466e-001  2.467451e-002
3.793289e-001  2.467439e-002
3.797098e-001  2.467425e-002
3.800920e-001  2.467410e-002
3.804729e-001  2.467391e-002
3.808538e-001  2.467367e-002
3.812360e-001  2.467336e-002
3.816169e-001  2.467298e-002
3.819992e-001  2.467259e-002
3.823801e-001  2.467222e-002
3.827623e-001  2.467195e-002
3.831432e-001  2.467184e-002
3.835241e-001  2.467192e-002
3.839063e-001  2.467215e-002
3.842872e-001  2.467248e-002
3.846695e-001  2.467279e-002
3.850504e-001  2.467297e-002
3.854326e-001  2.467294e-002
3.858135e-001  2.467266e-002
3.861944e-001  2.467216e-002
3.865766e-001  2.467155e-002
3.869575e-001  2.467097e-002
3.873398e-001  2.467054e-002
3.877207e-001  2.467038e-002
3.881029e-001  2.467051e-002
3.884838e-001  2.467089e-002
3.888647e-001  2.467139e-002
3.892469e-001  2.467188e-002
3.896278e-001  2.467219e-002
3.900101e-001  2.467225e-002
3.903910e-001  2.467201e-002
3.907718e-001  2.467154e-002
3.911541e-001  2.467095e-002
3.915350e-001  2.467039e-002
3.919172e-001  2.466999e-002
3.922981e-001  2.466985e-002
3.926804e-001  2.466997e-002
3.930613e-001  2.467032e-002
3.934421e-001  2.467079e-002
3.938244e-001  2.467127e-002
3.942053e-001  2.467164e-002
3.945875e-001  2.467184e-002
3.949684e-001  2.467184e-002
3.953507e-001  2.467170e-002
3.957316e-001  2.467147e-002
3.961124e-001  2.467123e-002
3.964947e-001  2.467105e-002
3.968756e-001  2.467098e-002
3.972578e-001  2.467101e-002
3.976387e-001  2.467115e-002
3.980210e-001  2.467137e-002
3.984019e-001  2.467163e-002
3.987827e-001  2.467191e-002
3.991650e-001  2.467220e-002
3.995459e-001  2.467248e-002
3.999281e-001  2.467273e-002
4.003090e-001  2.467294e-002
4.006899e-001  2.467307e-002
4.010722e-001  2.467310e-002
4.014530e-001  2.467302e-002
4.018353e-001  2.467283e-002
4.022162e-001  2.467259e-002
4.025984e-001  2.467236e-002
4.029793e-001  2.467219e-002
4.033602e-001  2.467216e-002
4.037425e-001  2.467229e-002
4.041233e-001  2.467255e-002
4.045056e-001  2.467288e-002
4.048865e-001  2.467317e-002
4.052687e-001  2.467332e-002
4.056496e-001  2.467323e-002
4.060305e-001  2.467289e-002
4.064128e-001  2.467230e-002
4.067936e-001  2.467157e-002
4.071759e-001  2.467082e-002
4.075568e-001  2.467019e-002
4.079390e-001  2.466978e-002
4.083199e-001  2.466963e-002
4.087008e-001  2.466971e-002
4.090831e-001  2.466993e-002
4.094639e-001  2.467013e-002
4.098462e-001  2.467020e-002
4.102271e-001  2.467001e-002
4.106080e-001  2.466955e-002
4.109902e-001  2.466884e-002
4.113711e-001  2.466797e-002
4.117534e-001  2.466709e-002
4.121342e-001  2.466633e-002
4.125165e-001  2.466577e-002
4.128974e-001  2.466547e-002
4.132783e-001  2.466538e-002
4.136605e-001  2.466543e-002
4.140414e-001  2.466552e-002
4.144237e-001  2.466555e-002
4.148045e-001  2.466543e-002
4.151868e-001  2.466515e-002
4.155677e-001  2.466472e-002
4.159486e-001  2.466419e-002
4.163308e-001  2.466362e-002
4.167117e-001  2.466309e-002
4.170940e-001  2.466262e-002
4.174748e-001  2.466226e-002
4.178571e-001  2.466199e-002
4.182380e-001  2.466181e-002
4.186189e-001  2.466170e-002
4.190011e-001  2.466162e-002
4.193820e-001  2.466156e-002
4.197643e-001  2.466151e-002
4.201451e-001  2.466143e-002
4.205260e-001  2.466130e-002
4.209083e-001  2.466108e-002
4.212892e-001  2.466077e-002
4.216714e-001  2.466033e-002
4.220523e-001  2.465981e-002
4.224346e-001  2.465924e-002
4.228154e-001  2.465869e-002
4.231963e-001  2.465824e-002
4.235786e-001  2.465794e-002
4.239595e-001  2.465783e-002
4.243417e-001  2.465789e-002
4.247226e-001  2.465805e-002
4.251049e-001  2.465820e-002
4.254857e-001  2.465824e-002
4.258666e-001  2.465806e-002
4.262489e-001  2.465763e-002
4.266298e-001  2.465696e-002
4.270120e-001  2.465613e-002
4.273929e-001  2.465525e-002
4.277752e-001  2.465447e-002
4.281560e-001  2.465388e-002
4.285369e-001  2.465354e-002
4.289192e-001  2.465343e-002
4.293001e-001  2.465347e-002
4.296823e-001  2.465353e-002
4.300632e-001  2.465346e-002
4.304455e-001  2.465316e-002
4.308263e-001  2.465258e-002
4.312072e-001  2.465172e-002
4.315895e-001  2.465067e-002
4.319704e-001  2.464954e-002
4.323526e-001  2.464847e-002
4.327335e-001  2.464756e-002
4.331144e-001  2.464687e-002
4.334966e-001  2.464639e-002
4.338775e-001  2.464608e-002
4.342598e-001  2.464584e-002
4.346407e-001  2.464559e-002
4.350229e-001  2.464525e-002
4.354038e-001  2.464478e-002
4.357847e-001  2.464418e-002
4.361669e-001  2.464348e-002
4.365478e-001  2.464274e-002
4.369301e-001  2.464201e-002
4.373110e-001  2.464133e-002
4.376932e-001  2.464073e-002
4.380741e-001  2.464023e-002
4.384550e-001  2.463983e-002
4.388372e-001  2.463950e-002
4.392181e-001  2.463924e-002
4.396004e-001  2.463902e-002
4.399813e-001  2.463883e-002
4.403635e-001  2.463864e-002
4.407444e-001  2.463840e-002
4.411253e-001  2.463808e-002
4.415075e-001  2.463765e-002
4.418884e-001  2.463710e-002
4.422707e-001  2.463645e-002
4.426516e-001  2.463573e-002
4.430324e-001  2.463502e-002
4.434147e-001  2.463439e-002
4.437956e-001  2.463391e-002
4.441778e-001  2.463362e-002
4.445587e-001  2.463350e-002
4.449410e-001  2.463351e-002
4.453219e-001  2.463352e-002
4.457027e-001  2.463344e-002
4.460850e-001  2.463316e-002
4.464659e-001  2.463262e-002
4.468481e-001  2.463183e-002
4.472290e-001  2.463085e-002
4.476113e-001  2.462980e-002
4.479922e-001  2.462881e-002
4.483730e-001  2.462800e-002
4.487553e-001  2.462742e-002
4.491362e-001  2.462709e-002
4.495184e-001  2.462693e-002
4.498993e-001  2.462683e-002
4.502816e-001  2.462666e-002
4.506625e-001  2.462631e-002
4.510433e-001  2.462570e-002
4.514256e-001  2.462484e-002
4.518065e-001  2.462380e-002
4.521887e-001  2.462267e-002
4.525696e-001  2.462159e-002
4.529505e-001  2.462065e-002
4.533328e-001  2.461992e-002
4.537136e-001  2.461941e-002
4.540959e-001  2.461907e-002
4.544768e-001  2.461882e-002
4.548590e-001  2.461858e-002
4.552399e-001  2.461826e-002
4.556208e-001  2.461782e-002
4.560031e-001  2.461723e-002
4.563839e-001  2.461653e-002
4.567662e-001  2.461575e-002
4.571471e-001  2.461495e-002
4.575293e-001  2.461417e-002
4.579102e-001  2.461346e-002
4.582911e-001  2.461283e-002
4.586734e-001  2.461230e-002
4.590542e-001  2.461186e-002
4.594365e-001  2.461151e-002
4.598174e-001  2.461123e-002
4.601996e-001  2.461100e-002
4.605805e-001  2.461080e-002
4.609614e-001  2.461058e-002
4.613437e-001  2.461031e-002
4.617245e-001  2.460995e-002
4.621068e-001  2.460949e-002
4.624877e-001  2.460893e-002
4.628686e-001  2.460833e-002
4.632508e-001  2.460773e-002
4.636317e-001  2.460722e-002
4.640140e-001  2.460687e-002
4.643948e-001  2.460672e-002
4.647771e-001  2.460676e-002
4.651580e-001  2.460694e-002
4.655389e-001  2.460716e-002
4.659211e-001  2.460731e-002
4.663020e-001  2.460727e-002
4.666843e-001  2.460699e-002
4.670651e-001  2.460645e-002
4.674474e-001  2.460570e-002
4.678283e-001  2.460486e-002
4.682092e-001  2.460405e-002
4.685914e-001  2.460339e-002
4.689723e-001  2.460296e-002
4.693546e-001  2.460277e-002
4.697354e-001  2.460277e-002
4.701177e-001  2.460286e-002
4.704986e-001  2.460291e-002
4.708795e-001  2.460279e-002
4.712617e-001  2.460243e-002
4.716426e-001  2.460182e-002
4.720249e-001  2.460100e-002
4.724057e-001  2.460006e-002
4.727866e-001  2.459912e-002
4.731689e-001  2.459829e-002
4.735498e-001  2.459763e-002
4.739320e-001  2.459717e-002
4.743129e-001  2.459689e-002
4.746952e-001  2.459671e-002
4.750760e-001  2.459654e-002
4.754569e-001  2.459632e-002
4.758392e-001  2.459598e-002
4.762201e-001  2.459549e-002
4.766023e-001  2.459487e-002
4.769832e-001  2.459414e-002
4.773655e-001  2.459335e-002
4.777463e-001  2.459255e-002
4.781272e-001  2.459178e-002
4.785095e-001  2.459106e-002
4.788904e-001  2.459040e-002
4.792726e-001  2.458982e-002
4.796535e-001  2.458932e-002
4.800358e-001  2.458888e-002
4.804166e-001  2.458849e-002
4.807975e-001  2.458811e-002
4.811798e-001  2.458769e-002
4.815607e-001  2.458719e-002
4.819429e-001  2.458657e-002
4.823238e-001  2.458580e-002
4.827047e-001  2.458488e-002
4.830869e-001  2.458385e-002
4.834678e-001  2.458278e-002
4.838501e-001  2.458174e-002
4.842310e-001  2.458083e-002
4.846132e-001  2.458010e-002
4.849941e-001  2.457956e-002
4.853750e-001  2.457918e-002
4.857572e-001  2.457887e-002
4.861381e-001  2.457852e-002
4.865204e-001  2.457800e-002
4.869013e-001  2.457725e-002
4.872835e-001  2.457624e-002
4.876644e-001  2.457501e-002
4.880453e-001  2.457364e-002
4.884275e-001  2.457227e-002
4.888084e-001  2.457102e-002
4.891907e-001  2.456998e-002
4.895716e-001  2.456917e-002
4.899538e-001  2.456857e-002
4.903347e-001  2.456807e-002
4.907156e-001  2.456757e-002
4.910978e-001  2.456692e-002
4.914787e-001  2.456605e-002
4.918610e-001  2.456492e-002
4.922419e-001  2.456357e-002
4.926227e-001  2.456207e-002
4.930050e-001  2.456052e-002
4.933859e-001  2.455904e-002
4.937681e-001  2.455769e-002
4.941490e-001  2.455653e-002
4.945313e-001  2.455553e-002
4.949122e-001  2.455465e-002
4.952930e-001  2.455379e-002
4.956753e-001  2.455289e-002
4.960562e-001  2.455190e-002
4.964384e-001  2.455077e-002
4.968193e-001  2.454952e-002
4.972016e-001  2.454816e-002
4.975825e-001  2.454675e-002
4.979633e-001  2.454532e-002
4.983456e-001  2.454390e-002
4.987265e-001  2.454255e-002
4.991087e-001  2.454127e-002
4.994896e-001  2.454008e-002
4.998719e-001  2.453899e-002
5.002528e-001  2.453799e-002
5.006336e-001  2.453706e-002
5.010159e-001  2.453618e-002
5.013968e-001  2.453531e-002
5.017790e-001  2.453438e-002
5.021599e-001  2.453335e-002
5.025408e-001  2.453218e-002
5.029231e-001  2.453086e-002
5.033039e-001  2.452943e-002
5.036862e-001  2.452794e-002
5.040671e-001  2.452648e-002
5.044493e-001  2.452514e-002
5.048302e-001  2.452399e-002
5.052111e-001  2.452304e-002
5.055934e-001  2.452228e-002
5.059742e-001  2.452163e-002
5.063565e-001  2.452097e-002
5.067374e-001  2.452019e-002
5.071196e-001  2.451918e-002
5.075005e-001  2.451793e-002
5.078814e-001  2.451643e-002
5.082637e-001  2.451478e-002
5.086445e-001  2.451310e-002
5.090268e-001  2.451150e-002
5.094077e-001  2.451010e-002
5.097899e-001  2.450894e-002
5.101708e-001  2.450800e-002
5.105517e-001  2.450721e-002
5.109340e-001  2.450644e-002
5.113148e-001  2.450560e-002
5.116971e-001  2.450456e-002
5.120780e-001  2.450332e-002
5.124589e-001  2.450186e-002
5.128411e-001  2.450027e-002
5.132220e-001  2.449865e-002
5.136043e-001  2.449709e-002
5.139851e-001  2.449569e-002
5.143674e-001  2.449448e-002
5.147483e-001  2.449348e-002
5.151292e-001  2.449263e-002
5.155114e-001  2.449185e-002
5.158923e-001  2.449109e-002
5.162746e-001  2.449027e-002
5.166554e-001  2.448936e-002
5.170377e-001  2.448833e-002
5.174186e-001  2.448722e-002
5.177995e-001  2.448603e-002
5.181817e-001  2.448481e-002
5.185626e-001  2.448359e-002
5.189449e-001  2.448239e-002
5.193257e-001  2.448126e-002
5.197080e-001  2.448019e-002
5.200889e-001  2.447923e-002
5.204698e-001  2.447836e-002
5.208520e-001  2.447759e-002
5.212329e-001  2.447688e-002
5.216152e-001  2.447620e-002
5.219960e-001  2.447549e-002
5.223783e-001  2.447469e-002
5.227592e-001  2.447375e-002
5.231401e-001  2.447267e-002
5.235223e-001  2.447144e-002
5.239032e-001  2.447014e-002
5.242855e-001  2.446885e-002
5.246663e-001  2.446766e-002
5.250472e-001  2.446667e-002
5.254295e-001  2.446590e-002
5.258104e-001  2.446534e-002
5.261926e-001  2.446492e-002
5.265735e-001  2.446454e-002
5.269558e-001  2.446406e-002
5.273366e-001  2.446340e-002
5.277175e-001  2.446248e-002
5.280998e-001  2.446133e-002
5.284807e-001  2.446001e-002
5.288629e-001  2.445864e-002
5.292438e-001  2.445735e-002
5.296261e-001  2.445624e-002
5.300069e-001  2.445539e-002
5.303878e-001  2.445478e-002
5.307701e-001  2.445435e-002
5.311510e-001  2.445398e-002
5.315332e-001  2.445355e-002
5.319141e-001  2.445297e-002
5.322964e-001  2.445216e-002
5.326772e-001  2.445115e-002
5.330581e-001  2.444997e-002
5.334404e-001  2.444873e-002
5.338213e-001  2.444752e-002
5.342035e-001  2.444644e-002
5.345844e-001  2.444554e-002
5.349653e-001  2.444482e-002
5.353475e-001  2.444426e-002
5.357284e-001  2.444379e-002
5.361107e-001  2.444335e-002
5.364916e-001  2.444287e-002
5.368738e-001  2.444232e-002
5.372547e-001  2.444168e-002
5.376356e-001  2.444094e-002
5.380178e-001  2.444014e-002
5.383987e-001  2.443929e-002
5.387810e-001  2.443842e-002
5.391619e-001  2.443757e-002
5.395441e-001  2.443675e-002
5.399250e-001  2.443601e-002
5.403059e-001  2.443536e-002
5.406881e-001  2.443482e-002
5.410690e-001  2.443441e-002
5.414513e-001  2.443409e-002
5.418322e-001  2.443384e-002
5.422144e-001  2.443359e-002
5.425953e-001  2.443327e-002
5.429762e-001  2.443282e-002
5.433584e-001  2.443221e-002
5.437393e-001  2.443144e-002
5.441216e-001  2.443056e-002
5.445025e-001  2.442966e-002
5.448833e-001  2.442883e-002
5.452656e-001  2.442817e-002
5.456465e-001  2.442774e-002
5.460287e-001  2.442752e-002
5.464096e-001  2.442747e-002
5.467919e-001  2.442748e-002
5.471728e-001  2.442742e-002
5.475536e-001  2.442718e-002
5.479359e-001  2.442668e-002
5.483168e-001  2.442593e-002
5.486990e-001  2.442498e-002
5.490799e-001  2.442395e-002
5.494622e-001  2.442297e-002
5.498431e-001  2.442216e-002
5.502239e-001  2.442159e-002
5.506062e-001  2.442127e-002
5.509871e-001  2.442114e-002
5.513693e-001  2.442109e-002
5.517502e-001  2.442100e-002
5.521325e-001  2.442076e-002
5.525134e-001  2.442031e-002
5.528942e-001  2.441964e-002
5.532765e-001  2.441879e-002
5.536574e-001  2.441785e-002
5.540396e-001  2.441693e-002
5.544205e-001  2.441611e-002
5.548014e-001  2.441545e-002
5.551837e-001  2.441495e-002
5.555645e-001  2.441460e-002
5.559468e-001  2.441433e-002
5.563277e-001  2.441409e-002
5.567099e-001  2.441382e-002
5.570908e-001  2.441349e-002
5.574717e-001  2.441308e-002
5.578540e-001  2.441259e-002
5.582348e-001  2.441202e-002
5.586171e-001  2.441140e-002
5.589980e-001  2.441074e-002
5.593802e-001  2.441005e-002
5.597611e-001  2.440937e-002
5.601420e-001  2.440873e-002
5.605243e-001  2.440816e-002
5.609051e-001  2.440771e-002
5.612874e-001  2.440738e-002
5.616683e-001  2.440719e-002
5.620505e-001  2.440709e-002
5.624314e-001  2.440704e-002
5.628123e-001  2.440693e-002
5.631946e-001  2.440670e-002
5.635754e-001  2.440629e-002
5.639577e-001  2.440569e-002
5.643386e-001  2.440495e-002
5.647195e-001  2.440416e-002
5.651017e-001  2.440342e-002
5.654826e-001  2.440287e-002
5.658649e-001  2.440257e-002
5.662457e-001  2.440254e-002
5.666280e-001  2.440272e-002
5.670089e-001  2.440301e-002
5.673898e-001  2.440325e-002
5.677720e-001  2.440331e-002
5.681529e-001  2.440311e-002
5.685352e-001  2.440262e-002
5.689160e-001  2.440191e-002
5.692983e-001  2.440109e-002
5.696792e-001  2.440032e-002
5.700601e-001  2.439974e-002
5.704423e-001  2.439941e-002
5.708232e-001  2.439934e-002
5.712055e-001  2.439948e-002
5.715863e-001  2.439970e-002
5.719686e-001  2.439986e-002
5.723495e-001  2.439985e-002
5.727304e-001  2.439961e-002
5.731126e-001  2.439914e-002
5.734935e-001  2.439850e-002
5.738758e-001  2.439781e-002
5.742566e-001  2.439718e-002
5.746375e-001  2.439669e-002
5.750198e-001  2.439637e-002
5.754007e-001  2.439622e-002
5.757829e-001  2.439619e-002
5.761638e-001  2.439619e-002
5.765461e-001  2.439619e-002
5.769269e-001  2.439614e-002
5.773078e-001  2.439605e-002
5.776901e-001  2.439596e-002
5.780710e-001  2.439590e-002
5.784532e-001  2.439590e-002
5.788341e-001  2.439596e-002
5.792164e-001  2.439604e-002
5.795972e-001  2.439607e-002
5.799781e-001  2.439602e-002
5.803604e-001  2.439585e-002
5.807413e-001  2.439556e-002
5.811235e-001  2.439523e-002
5.815044e-001  2.439494e-002
5.818867e-001  2.439479e-002
5.822675e-001  2.439488e-002
5.826484e-001  2.439521e-002
5.830307e-001  2.439576e-002
5.834116e-001  2.439640e-002
5.837938e-001  2.439702e-002
5.841747e-001  2.439746e-002
5.845556e-001  2.439765e-002
5.849378e-001  2.439757e-002
5.853187e-001  2.439728e-002
5.857010e-001  2.439690e-002
5.860819e-001  2.439661e-002
5.864641e-001  2.439653e-002
5.868450e-001  2.439676e-002
5.872259e-001  2.439728e-002
5.876081e-001  2.439802e-002
5.879890e-001  2.439883e-002
5.883713e-001  2.439954e-002
5.887522e-001  2.440003e-002
5.891344e-001  2.440023e-002
5.895153e-001  2.440016e-002
5.898962e-001  2.439994e-002
5.902784e-001  2.439969e-002
5.906593e-001  2.439960e-002
5.910416e-001  2.439977e-002
5.914225e-001  2.440024e-002
5.918047e-001  2.440099e-002
5.921856e-001  2.440188e-002
5.925665e-001  2.440278e-002
5.929487e-001  2.440355e-002
5.933296e-001  2.440408e-002
5.937119e-001  2.440434e-002
5.940928e-001  2.440440e-002
5.944736e-001  2.440434e-002
5.948559e-001  2.440431e-002
5.952368e-001  2.440441e-002
5.956190e-001  2.440473e-002
5.959999e-001  2.440529e-002
5.963822e-001  2.440607e-002
5.967631e-001  2.440696e-002
5.971439e-001  2.440789e-002
5.975262e-001  2.440878e-002
5.979071e-001  2.440956e-002
5.982893e-001  2.441021e-002
5.986702e-001  2.441075e-002
5.990525e-001  2.441121e-002
5.994334e-001  2.441164e-002
5.998142e-001  2.441208e-002
6.001965e-001  2.441258e-002
6.005774e-001  2.441314e-002
6.009596e-001  2.441379e-002
6.013405e-001  2.441454e-002
6.017228e-001  2.441539e-002
6.021037e-001  2.441633e-002
6.024845e-001  2.441735e-002
6.028668e-001  2.441842e-002
6.032477e-001  2.441950e-002
6.036299e-001  2.442052e-002
6.040108e-001  2.442144e-002
6.043917e-001  2.442223e-002
6.047740e-001  2.442289e-002
6.051548e-001  2.442346e-002
6.055371e-001  2.442403e-002
6.059180e-001  2.442469e-002
6.063002e-001  2.442552e-002
6.066811e-001  2.442658e-002
6.070620e-001  2.442788e-002
6.074443e-001  2.442936e-002
6.078251e-001  2.443089e-002
6.082074e-001  2.443238e-002
6.085883e-001  2.443368e-002
6.089705e-001  2.443473e-002
6.093514e-001  2.443552e-002
6.097323e-001  2.443612e-002
6.101146e-001  2.443664e-002
6.104954e-001  2.443722e-002
6.108777e-001  2.443800e-002
6.112586e-001  2.443904e-002
6.116408e-001  2.444034e-002
6.120217e-001  2.444183e-002
6.124026e-001  2.444340e-002
6.127849e-001  2.444493e-002
6.131657e-001  2.444628e-002
6.135480e-001  2.444741e-002
6.139289e-001  2.444832e-002
6.143111e-001  2.444907e-002
6.146920e-001  2.444978e-002
6.150729e-001  2.445054e-002
6.154552e-001  2.445145e-002
6.158360e-001  2.445253e-002
6.162183e-001  2.445378e-002
6.165992e-001  2.445514e-002
6.169801e-001  2.445655e-002
6.173623e-001  2.445793e-002
6.177432e-001  2.445926e-002
6.181255e-001  2.446054e-002
6.185063e-001  2.446178e-002
6.188886e-001  2.446303e-002
6.192695e-001  2.446430e-002
6.196504e-001  2.446561e-002
6.200326e-001  2.446694e-002
6.204135e-001  2.446823e-002
6.207958e-001  2.446944e-002
6.211766e-001  2.447056e-002
6.215589e-001  2.447160e-002
6.219398e-001  2.447261e-002
6.223207e-001  2.447368e-002
6.227029e-001  2.447490e-002
6.230838e-001  2.447632e-002
6.234661e-001  2.447798e-002
6.238469e-001  2.447981e-002
6.242292e-001  2.448174e-002
6.246101e-001  2.448361e-002
6.249910e-001  2.448531e-002
6.253732e-001  2.448678e-002
6.257541e-001  2.448800e-002
6.261364e-001  2.448904e-002
6.265172e-001  2.449002e-002
6.268981e-001  2.449110e-002
6.272804e-001  2.449242e-002
6.276613e-001  2.449402e-002
6.280435e-001  2.449593e-002
6.284244e-001  2.449802e-002
6.288067e-001  2.450017e-002
6.291875e-001  2.450221e-002
6.295684e-001  2.450401e-002
6.299507e-001  2.450553e-002
6.303316e-001  2.450679e-002
6.307138e-001  2.450790e-002
6.310947e-001  2.450901e-002
6.314770e-001  2.451028e-002
6.318578e-001  2.451183e-002
6.322387e-001  2.451368e-002
6.326210e-001  2.451581e-002
6.330019e-001  2.451806e-002
6.333841e-001  2.452031e-002
6.337650e-001  2.452239e-002
6.341473e-001  2.452420e-002
6.345281e-001  2.452570e-002
6.349090e-001  2.452697e-002
6.352913e-001  2.452812e-002
6.356722e-001  2.452928e-002
6.360544e-001  2.453060e-002
6.364353e-001  2.453217e-002
6.368162e-001  2.453400e-002
6.371984e-001  2.453607e-002
6.375793e-001  2.453825e-002
6.379616e-001  2.454044e-002
6.383425e-001  2.454252e-002
6.387247e-001  2.454442e-002
6.391056e-001  2.454612e-002
6.394865e-001  2.454764e-002
6.398687e-001  2.454906e-002
6.402496e-001  2.455045e-002
6.406319e-001  2.455189e-002
6.410128e-001  2.455344e-002
6.413950e-001  2.455513e-002
6.417759e-001  2.455693e-002
6.421568e-001  2.455882e-002
6.425390e-001  2.456078e-002
6.429199e-001  2.456274e-002
6.433022e-001  2.456468e-002
6.436831e-001  2.456656e-002
6.440653e-001  2.456838e-002
6.444462e-001  2.457012e-002
6.448271e-001  2.457179e-002
6.452093e-001  2.457340e-002
6.455902e-001  2.457497e-002
6.459725e-001  2.457652e-002
6.463534e-001  2.457809e-002
6.467342e-001  2.457971e-002
6.471165e-001  2.458143e-002
6.474974e-001  2.458327e-002
6.478796e-001  2.458523e-002
6.482605e-001  2.458729e-002
6.486428e-001  2.458942e-002
6.490237e-001  2.459154e-002
6.494045e-001  2.459360e-002
6.497868e-001  2.459557e-002
6.501677e-001  2.459740e-002
6.505499e-001  2.459911e-002
6.509308e-001  2.460070e-002
6.513131e-001  2.460225e-002
6.516940e-001  2.460381e-002
6.520748e-001  2.460543e-002
6.524571e-001  2.460718e-002
6.528380e-001  2.460906e-002
6.532202e-001  2.461108e-002
6.536011e-001  2.461319e-002
6.539834e-001  2.461536e-002
6.543643e-001  2.461751e-002
6.547451e-001  2.461961e-002
6.551274e-001  2.462161e-002
6.555083e-001  2.462348e-002
6.558905e-001  2.462523e-002
6.562714e-001  2.462686e-002
6.566523e-001  2.462842e-002
6.570346e-001  2.462996e-002
6.574154e-001  2.463154e-002
6.577977e-001  2.463321e-002
6.581786e-001  2.463500e-002
6.585608e-001  2.463692e-002
6.589417e-001  2.463894e-002
6.593226e-001  2.464100e-002
6.597049e-001  2.464305e-002
6.600857e-001  2.464500e-002
6.604680e-001  2.464682e-002
6.608489e-001  2.464846e-002
6.612311e-001  2.464996e-002
6.616120e-001  2.465138e-002
6.619929e-001  2.465280e-002
6.623752e-001  2.465435e-002
6.627560e-001  2.465607e-002
6.631383e-001  2.465801e-002
6.635192e-001  2.466013e-002
6.639014e-001  2.466237e-002
6.642823e-001  2.466460e-002
6.646632e-001  2.466669e-002
6.650455e-001  2.466857e-002
6.654263e-001  2.467019e-002
6.658086e-001  2.467157e-002
6.661895e-001  2.467283e-002
6.665704e-001  2.467410e-002
6.669526e-001  2.467553e-002
6.673335e-001  2.467722e-002
6.677158e-001  2.467924e-002
6.680966e-001  2.468153e-002
6.684789e-001  2.468400e-002
6.688598e-001  2.468648e-002
6.692407e-001  2.468883e-002
6.696229e-001  2.469094e-002
6.700038e-001  2.469275e-002
6.703861e-001  2.469431e-002
6.707669e-001  2.469571e-002
6.711492e-001  2.469710e-002
6.715301e-001  2.469863e-002
6.719110e-001  2.470039e-002
6.722932e-001  2.470245e-002
6.726741e-001  2.470474e-002
6.730564e-001  2.470719e-002
6.734372e-001  2.470966e-002
6.738195e-001  2.471203e-002
6.742004e-001  2.471420e-002
6.745813e-001  2.471615e-002
6.749635e-001  2.471793e-002
6.753444e-001  2.471957e-002
6.757267e-001  2.472121e-002
6.761075e-001  2.472290e-002
6.764884e-001  2.472471e-002
6.768707e-001  2.472666e-002
6.772516e-001  2.472874e-002
6.776338e-001  2.473090e-002
6.780147e-001  2.473308e-002
6.783970e-001  2.473527e-002
6.787778e-001  2.473742e-002
6.791587e-001  2.473954e-002
6.795410e-001  2.474162e-002
6.799219e-001  2.474365e-002
6.803041e-001  2.474565e-002
6.806850e-001  2.474757e-002
6.810673e-001  2.474942e-002
6.814481e-001  2.475118e-002
6.818290e-001  2.475288e-002
6.822113e-001  2.475457e-002
6.825922e-001  2.475630e-002
6.829744e-001  2.475813e-002
6.833553e-001  2.476009e-002
6.837376e-001  2.476222e-002
6.841184e-001  2.476444e-002
6.844993e-001  2.476669e-002
6.848816e-001  2.476886e-002
6.852625e-001  2.477085e-002
6.856447e-001  2.477261e-002
6.860256e-001  2.477412e-002
6.864065e-001  2.477547e-002
6.867887e-001  2.477678e-002
6.871696e-001  2.477819e-002
6.875519e-001  2.477986e-002
6.879328e-001  2.478183e-002
6.883150e-001  2.478414e-002
6.886959e-001  2.478667e-002
6.890768e-001  2.478930e-002
6.894590e-001  2.479186e-002
6.898399e-001  2.479421e-002
6.902222e-001  2.479627e-002
6.906031e-001  2.479804e-002
6.909853e-001  2.479961e-002
6.913662e-001  2.480113e-002
6.917471e-001  2.480275e-002
6.921293e-001  2.480461e-002
6.925102e-001  2.480676e-002
6.928925e-001  2.480920e-002
6.932734e-001  2.481183e-002
6.936556e-001  2.481453e-002
6.940365e-001  2.481715e-002
6.944174e-001  2.481959e-002
6.947996e-001  2.482182e-002
6.951805e-001  2.482384e-002
6.955628e-001  2.482574e-002
6.959437e-001  2.482761e-002
6.963245e-001  2.482954e-002
6.967068e-001  2.483160e-002
6.970877e-001  2.483381e-002
6.974699e-001  2.483615e-002
6.978508e-001  2.483857e-002
6.982331e-001  2.484103e-002
6.986140e-001  2.484347e-002
6.989948e-001  2.484589e-002
6.993771e-001  2.484830e-002
6.997580e-001  2.485069e-002
7.001402e-001  2.485310e-002
7.005211e-001  2.485549e-002
7.009034e-001  2.485787e-002
7.012843e-001  2.486018e-002
7.016651e-001  2.486241e-002
7.020474e-001  2.486457e-002
7.024283e-001  2.486668e-002
7.028105e-001  2.486882e-002
7.031914e-001  2.487106e-002
7.035737e-001  2.487348e-002
7.039546e-001  2.487611e-002
7.043354e-001  2.487894e-002
7.047177e-001  2.488188e-002
7.050986e-001  2.488481e-002
7.054808e-001  2.488760e-002
7.058617e-001  2.489014e-002
7.062426e-001  2.489241e-002
7.066249e-001  2.489446e-002
7.070057e-001  2.489640e-002
7.073880e-001  2.489841e-002
7.077689e-001  2.490063e-002
7.081511e-001  2.490320e-002
7.085320e-001  2.490612e-002
7.089129e-001  2.490934e-002
7.092952e-001  2.491271e-002
7.096760e-001  2.491603e-002
7.100583e-001  2.491914e-002
7.104392e-001  2.492192e-002
7.108214e-001  2.492438e-002
7.112023e-001  2.492658e-002
7.115832e-001  2.492868e-002
7.119655e-001  2.493090e-002
7.123463e-001  2.493335e-002
7.127286e-001  2.493615e-002
7.131095e-001  2.493927e-002
7.134917e-001  2.494263e-002
7.138726e-001  2.494605e-002
7.142535e-001  2.494940e-002
7.146358e-001  2.495257e-002
7.150166e-001  2.495548e-002
7.153989e-001  2.495819e-002
7.157798e-001  2.496076e-002
7.161620e-001  2.496333e-002
7.165429e-001  2.496598e-002
7.169238e-001  2.496877e-002
7.173061e-001  2.497173e-002
7.176869e-001  2.497477e-002
7.180692e-001  2.497786e-002
7.184501e-001  2.498089e-002
7.188310e-001  2.498386e-002
7.192132e-001  2.498676e-002
7.195941e-001  2.498963e-002
7.199764e-001  2.499253e-002
7.203572e-001  2.499547e-002
7.207395e-001  2.499848e-002
7.211204e-001  2.500149e-002
7.215013e-001  2.500444e-002
7.218835e-001  2.500727e-002
7.222644e-001  2.500992e-002
7.226467e-001  2.501243e-002
7.230275e-001  2.501484e-002
7.234098e-001  2.501731e-002
7.237907e-001  2.501994e-002
7.241716e-001  2.502283e-002
7.245538e-001  2.502601e-002
7.249347e-001  2.502939e-002
7.253170e-001  2.503284e-002
7.256978e-001  2.503616e-002
7.260801e-001  2.503920e-002
7.264610e-001  2.504186e-002
7.268419e-001  2.504416e-002
7.272241e-001  2.504625e-002
7.276050e-001  2.504833e-002
7.279873e-001  2.505063e-002
7.283681e-001  2.505331e-002
7.287490e-001  2.505647e-002
7.291313e-001  2.506004e-002
7.295122e-001  2.506383e-002
7.298944e-001  2.506760e-002
7.302753e-001  2.507111e-002
7.306576e-001  2.507421e-002
7.310384e-001  2.507686e-002
7.314193e-001  2.507916e-002
7.318016e-001  2.508134e-002
7.321825e-001  2.508362e-002
7.325647e-001  2.508624e-002
7.329456e-001  2.508930e-002
7.333279e-001  2.509278e-002
7.337087e-001  2.509651e-002
7.340896e-001  2.510030e-002
7.344719e-001  2.510393e-002
7.348528e-001  2.510722e-002
7.352350e-001  2.511015e-002
7.356159e-001  2.511278e-002
7.359982e-001  2.511530e-002
7.363790e-001  2.511788e-002
7.367599e-001  2.512068e-002
7.371422e-001  2.512379e-002
7.375231e-001  2.512713e-002
7.379053e-001  2.513060e-002
7.382862e-001  2.513401e-002
7.386671e-001  2.513724e-002
7.390493e-001  2.514025e-002
7.394302e-001  2.514306e-002
7.398125e-001  2.514583e-002
7.401934e-001  2.514869e-002
7.405756e-001  2.515181e-002
7.409565e-001  2.515519e-002
7.413374e-001  2.515878e-002
7.417196e-001  2.516242e-002
7.421005e-001  2.516587e-002
7.424828e-001  2.516899e-002
7.428637e-001  2.517168e-002
7.432459e-001  2.517404e-002
7.436268e-001  2.517625e-002
7.440077e-001  2.517861e-002
7.443899e-001  2.518138e-002
7.447708e-001  2.518470e-002
7.451531e-001  2.518856e-002
7.455340e-001  2.519272e-002
7.459162e-001  2.519687e-002
7.462971e-001  2.520061e-002
7.466780e-001  2.520368e-002
7.470602e-001  2.520602e-002
7.474411e-001  2.520776e-002
7.478234e-001  2.520926e-002
7.482043e-001  2.521097e-002
7.485851e-001  2.521333e-002
7.489674e-001  2.521658e-002
7.493483e-001  2.522067e-002
7.497305e-001  2.522535e-002
7.501114e-001  2.523008e-002
7.504937e-001  2.523439e-002
7.508746e-001  2.523781e-002
7.512554e-001  2.524023e-002
7.516377e-001  2.524184e-002
7.520186e-001  2.524306e-002
7.524008e-001  2.524453e-002
7.527817e-001  2.524680e-002
7.531640e-001  2.525021e-002
7.535449e-001  2.525472e-002
7.539257e-001  2.525996e-002
7.543080e-001  2.526530e-002
7.546889e-001  2.527000e-002
7.550711e-001  2.527353e-002
7.554520e-001  2.527568e-002
7.558343e-001  2.527670e-002
7.562152e-001  2.527724e-002
7.565960e-001  2.527818e-002
7.569783e-001  2.528035e-002
7.573592e-001  2.528426e-002
7.577414e-001  2.528999e-002
7.581223e-001  2.529696e-002
7.585032e-001  2.530425e-002
7.588855e-001  2.531071e-002
7.592663e-001  2.531529e-002
7.596486e-001  2.531741e-002
7.600295e-001  2.531709e-002
7.604117e-001  2.531503e-002
7.607926e-001  2.531244e-002
7.611735e-001  2.531069e-002
7.615558e-001  2.531101e-002
7.619366e-001  2.531412e-002
7.623189e-001  2.532010e-002
7.626998e-001  2.532822e-002
7.630820e-001  2.533733e-002
7.634629e-001  2.534597e-002
7.638438e-001  2.535291e-002
7.642261e-001  2.535738e-002
7.646069e-001  2.535926e-002
7.649892e-001  2.535909e-002
7.653701e-001  2.535791e-002
7.657523e-001  2.535694e-002
7.661332e-001  2.535722e-002
7.665141e-001  2.535938e-002
7.668964e-001  2.536349e-002
7.672772e-001  2.536904e-002
7.676595e-001  2.537520e-002
7.680404e-001  2.538099e-002
7.684213e-001  2.538566e-002
7.688035e-001  2.538885e-002
7.691844e-001  2.539064e-002
7.695667e-001  2.539155e-002
7.699475e-001  2.539230e-002
7.703298e-001  2.539363e-002
7.707107e-001  2.539604e-002
7.710916e-001  2.539968e-002
7.714738e-001  2.540434e-002
7.718547e-001  2.540948e-002
7.722370e-001  2.541452e-002
7.726178e-001  2.541888e-002
7.730001e-001  2.542232e-002
7.733810e-001  2.542482e-002
7.737619e-001  2.542671e-002
7.741441e-001  2.542845e-002
7.745250e-001  2.543051e-002
7.749073e-001  2.543325e-002
7.752881e-001  2.543675e-002
7.756704e-001  2.544090e-002
7.760513e-001  2.544535e-002
7.764322e-001  2.544974e-002
7.768144e-001  2.545376e-002
7.771953e-001  2.545722e-002
7.775776e-001  2.546021e-002
7.779584e-001  2.546289e-002
7.783393e-001  2.546556e-002
7.787216e-001  2.546850e-002
7.791025e-001  2.547184e-002
7.794847e-001  2.547560e-002
7.798656e-001  2.547959e-002
7.802479e-001  2.548361e-002
7.806287e-001  2.548742e-002
7.810096e-001  2.549090e-002
7.813919e-001  2.549405e-002
7.817728e-001  2.549700e-002
7.821550e-001  2.549997e-002
7.825359e-001  2.550317e-002
7.829182e-001  2.550674e-002
7.832990e-001  2.551065e-002
7.836799e-001  2.551479e-002
7.840622e-001  2.551894e-002
7.844431e-001  2.552283e-002
7.848253e-001  2.552631e-002
7.852062e-001  2.552933e-002
7.855885e-001  2.553202e-002
7.859693e-001  2.553459e-002
7.863502e-001  2.553734e-002
7.867325e-001  2.554051e-002
7.871134e-001  2.554418e-002
7.874956e-001  2.554833e-002
7.878765e-001  2.555272e-002
7.882574e-001  2.555708e-002
7.886396e-001  2.556115e-002
7.890205e-001  2.556469e-002
7.894028e-001  2.556771e-002
7.897837e-001  2.557028e-002
7.901659e-001  2.557270e-002
7.905468e-001  2.557524e-002
7.909277e-001  2.557817e-002
7.913099e-001  2.558163e-002
7.916908e-001  2.558558e-002
7.920731e-001  2.558990e-002
7.924540e-001  2.559428e-002
7.928362e-001  2.559849e-002
7.932171e-001  2.560230e-002
7.935980e-001  2.560566e-002
7.939802e-001  2.560863e-002
7.943611e-001  2.561137e-002
7.947434e-001  2.561413e-002
7.951243e-001  2.561709e-002
7.955065e-001  2.562040e-002
7.958874e-001  2.562404e-002
7.962683e-001  2.562794e-002
7.966505e-001  2.563196e-002
7.970314e-001  2.563591e-002
7.974137e-001  2.563969e-002
7.977946e-001  2.564323e-002
7.981754e-001  2.564660e-002
7.985577e-001  2.564991e-002
7.989386e-001  2.565322e-002
7.993208e-001  2.565666e-002
7.997017e-001  2.566021e-002
8.000840e-001  2.566388e-002
8.004649e-001  2.566755e-002
8.008457e-001  2.567117e-002
8.012280e-001  2.567469e-002
8.016089e-001  2.567811e-002
8.019911e-001  2.568152e-002
8.023720e-001  2.568498e-002
8.027543e-001  2.568862e-002
8.031352e-001  2.569245e-002
8.035160e-001  2.569646e-002
8.038983e-001  2.570057e-002
8.042792e-001  2.570461e-002
8.046614e-001  2.570845e-002
8.050423e-001  2.571199e-002
8.054246e-001  2.571524e-002
8.058055e-001  2.571828e-002
8.061863e-001  2.572127e-002
8.065686e-001  2.572442e-002
8.069495e-001  2.572787e-002
8.073317e-001  2.573170e-002
8.077126e-001  2.573586e-002
8.080949e-001  2.574022e-002
8.084758e-001  2.574455e-002
8.088566e-001  2.574865e-002
8.092389e-001  2.575238e-002
8.096198e-001  2.575568e-002
8.100020e-001  2.575863e-002
8.103829e-001  2.576140e-002
8.107638e-001  2.576423e-002
8.111461e-001  2.576732e-002
8.115269e-001  2.577079e-002
8.119092e-001  2.577468e-002
8.122901e-001  2.577886e-002
8.126723e-001  2.578319e-002
8.130532e-001  2.578744e-002
8.134341e-001  2.579146e-002
8.138164e-001  2.579516e-002
8.141972e-001  2.579854e-002
8.145795e-001  2.580173e-002
8.149604e-001  2.580485e-002
8.153426e-001  2.580809e-002
8.157235e-001  2.581153e-002
8.161044e-001  2.581523e-002
8.164867e-001  2.581916e-002
8.168675e-001  2.582322e-002
8.172498e-001  2.582732e-002
8.176307e-001  2.583133e-002
8.180129e-001  2.583524e-002
8.183938e-001  2.583902e-002
8.187747e-001  2.584273e-002
8.191570e-001  2.584643e-002
8.195378e-001  2.585014e-002
8.199201e-001  2.585392e-002
8.203010e-001  2.585773e-002
8.206819e-001  2.586153e-002
8.210641e-001  2.586531e-002
8.214450e-001  2.586902e-002
8.218273e-001  2.587273e-002
8.222081e-001  2.587645e-002
8.225904e-001  2.588029e-002
8.229713e-001  2.588428e-002
8.233522e-001  2.588845e-002
8.237344e-001  2.589278e-002
8.241153e-001  2.589715e-002
8.244976e-001  2.590147e-002
8.248784e-001  2.590558e-002
8.252607e-001  2.590945e-002
8.256416e-001  2.591304e-002
8.260225e-001  2.591646e-002
8.264047e-001  2.591986e-002
8.267856e-001  2.592338e-002
8.271679e-001  2.592718e-002
8.275487e-001  2.593130e-002
8.279310e-001  2.593575e-002
8.283119e-001  2.594036e-002
8.286928e-001  2.594499e-002
8.290750e-001  2.594945e-002
8.294559e-001  2.595357e-002
8.298382e-001  2.595734e-002
8.302190e-001  2.596077e-002
8.305999e-001  2.596402e-002
8.309822e-001  2.596729e-002
8.313631e-001  2.597076e-002
8.317453e-001  2.597457e-002
8.321262e-001  2.597873e-002
8.325085e-001  2.598321e-002
8.328893e-001  2.598783e-002
8.332702e-001  2.599242e-002
8.336525e-001  2.599686e-002
8.340334e-001  2.600101e-002
8.344156e-001  2.600488e-002
8.347965e-001  2.600853e-002
8.351788e-001  2.601208e-002
8.355596e-001  2.601566e-002
8.359405e-001  2.601939e-002
8.363228e-001  2.602334e-002
8.367037e-001  2.602748e-002
8.370859e-001  2.603177e-002
8.374668e-001  2.603610e-002
8.378491e-001  2.604043e-002
8.382299e-001  2.604467e-002
8.386108e-001  2.604883e-002
8.389931e-001  2.605294e-002
8.393740e-001  2.605701e-002
8.397562e-001  2.606110e-002
8.401371e-001  2.606518e-002
8.405180e-001  2.606927e-002
8.409002e-001  2.607336e-002
8.412811e-001  2.607739e-002
8.416634e-001  2.608140e-002
8.420443e-001  2.608538e-002
8.424265e-001  2.608941e-002
8.428074e-001  2.609353e-002
8.431883e-001  2.609780e-002
8.435705e-001  2.610224e-002
8.439514e-001  2.610679e-002
8.443337e-001  2.611138e-002
8.447146e-001  2.611587e-002
8.450968e-001  2.612017e-002
8.454777e-001  2.612418e-002
8.458586e-001  2.612792e-002
8.462408e-001  2.613147e-002
8.466217e-001  2.613494e-002
8.470040e-001  2.613853e-002
8.473849e-001  2.614234e-002
8.477671e-001  2.614647e-002
8.481480e-001  2.615090e-002
8.485289e-001  2.615551e-002
8.489111e-001  2.616018e-002
8.492920e-001  2.616467e-002
8.496743e-001  2.616889e-002
8.500552e-001  2.617273e-002
8.504360e-001  2.617623e-002
8.508183e-001  2.617954e-002
8.511992e-001  2.618280e-002
8.515814e-001  2.618623e-002
8.519623e-001  2.618992e-002
8.523446e-001  2.619396e-002
8.527255e-001  2.619828e-002
8.531063e-001  2.620278e-002
8.534886e-001  2.620731e-002
8.538695e-001  2.621169e-002
8.542517e-001  2.621584e-002
8.546326e-001  2.621970e-002
8.550149e-001  2.622334e-002
8.553958e-001  2.622684e-002
8.557766e-001  2.623033e-002
8.561589e-001  2.623393e-002
8.565398e-001  2.623767e-002
8.569220e-001  2.624161e-002
8.573029e-001  2.624567e-002
8.576852e-001  2.624981e-002
8.580661e-001  2.625394e-002
8.584469e-001  2.625802e-002
8.588292e-001  2.626204e-002
8.592101e-001  2.626598e-002
8.595923e-001  2.626988e-002
8.599732e-001  2.627374e-002
8.603541e-001  2.627757e-002
8.607364e-001  2.628137e-002
8.611172e-001  2.628510e-002
8.614995e-001  2.628877e-002
8.618804e-001  2.629235e-002
8.622626e-001  2.629591e-002
8.626435e-001  2.629949e-002
8.630244e-001  2.630316e-002
8.634067e-001  2.630700e-002
8.637875e-001  2.631100e-002
8.641698e-001  2.631516e-002
8.645507e-001  2.631934e-002
8.649329e-001  2.632348e-002
8.653138e-001  2.632740e-002
8.656947e-001  2.633106e-002
8.660770e-001  2.633443e-002
8.664578e-001  2.633758e-002
8.668401e-001  2.634063e-002
8.672210e-001  2.634375e-002
8.676032e-001  2.634708e-002
8.679841e-001  2.635071e-002
8.683650e-001  2.635465e-002
8.687473e-001  2.635881e-002
8.691281e-001  2.636302e-002
8.695104e-001  2.636713e-002
8.698913e-001  2.637095e-002
8.702722e-001  2.637441e-002
8.706544e-001  2.637752e-002
8.710353e-001  2.638038e-002
8.714176e-001  2.638316e-002
8.717984e-001  2.638604e-002
8.721807e-001  2.638916e-002
8.725616e-001  2.639259e-002
8.729425e-001  2.639630e-002
8.733247e-001  2.640022e-002
8.737056e-001  2.640417e-002
8.740879e-001  2.640802e-002
8.744687e-001  2.641163e-002
8.748510e-001  2.641497e-002
8.752319e-001  2.641805e-002
8.756128e-001  2.642096e-002
8.759950e-001  2.642382e-002
8.763759e-001  2.642672e-002
8.767582e-001  2.642974e-002
8.771390e-001  2.643290e-002
8.775213e-001  2.643618e-002
8.779022e-001  2.643951e-002
8.782831e-001  2.644283e-002
8.786653e-001  2.644612e-002
8.790462e-001  2.644933e-002
8.794285e-001  2.645249e-002
8.798093e-001  2.645558e-002
8.801902e-001  2.645864e-002
8.805725e-001  2.646168e-002
8.809534e-001  2.646465e-002
8.813356e-001  2.646756e-002
8.817165e-001  2.647036e-002
8.820988e-001  2.647307e-002
8.824796e-001  2.647572e-002
8.828605e-001  2.647838e-002
8.832428e-001  2.648113e-002
8.836237e-001  2.648402e-002
8.840059e-001  2.648712e-002
8.843868e-001  2.649036e-002
8.847691e-001  2.649369e-002
8.851499e-001  2.649697e-002
8.855308e-001  2.650006e-002
8.859131e-001  2.650290e-002
8.862940e-001  2.650542e-002
8.866762e-001  2.650769e-002
8.870571e-001  2.650983e-002
8.874394e-001  2.651199e-002
8.878202e-001  2.651434e-002
8.882011e-001  2.651699e-002
8.885834e-001  2.651996e-002
8.889643e-001  2.652318e-002
8.893465e-001  2.652650e-002
8.897274e-001  2.652973e-002
8.901083e-001  2.653271e-002
8.904905e-001  2.653533e-002
8.908714e-001  2.653758e-002
8.912537e-001  2.653954e-002
8.916346e-001  2.654137e-002
8.920168e-001  2.654326e-002
8.923977e-001  2.654535e-002
8.927786e-001  2.654774e-002
8.931608e-001  2.655044e-002
8.935417e-001  2.655335e-002
8.939240e-001  2.655634e-002
8.943049e-001  2.655923e-002
8.946871e-001  2.656192e-002
8.950680e-001  2.656434e-002
8.954489e-001  2.656650e-002
8.958311e-001  2.656848e-002
8.962120e-001  2.657038e-002
8.965943e-001  2.657232e-002
8.969752e-001  2.657436e-002
8.973574e-001  2.657654e-002
8.977383e-001  2.657882e-002
8.981192e-001  2.658117e-002
8.985014e-001  2.658353e-002
8.988823e-001  2.658585e-002
8.992646e-001  2.658812e-002
8.996455e-001  2.659032e-002
9.000277e-001  2.659250e-002
9.004086e-001  2.659466e-002
9.007895e-001  2.659680e-002
9.011717e-001  2.659890e-002
9.015526e-001  2.660092e-002
9.019349e-001  2.660284e-002
9.023158e-001  2.660464e-002
9.026966e-001  2.660634e-002
9.030789e-001  2.660804e-002
9.034598e-001  2.660980e-002
9.038420e-001  2.661172e-002
9.042229e-001  2.661384e-002
9.046052e-001  2.661617e-002
9.049861e-001  2.661862e-002
9.053669e-001  2.662109e-002
9.057492e-001  2.662345e-002
9.061301e-001  2.662555e-002
9.065123e-001  2.662737e-002
9.068932e-001  2.662893e-002
9.072755e-001  2.663034e-002
9.076564e-001  2.663177e-002
9.080372e-001  2.663339e-002
9.084195e-001  2.663534e-002
9.088004e-001  2.663766e-002
9.091826e-001  2.664031e-002
9.095635e-001  2.664314e-002
9.099458e-001  2.664597e-002
9.103267e-001  2.664858e-002
9.107075e-001  2.665088e-002
9.110898e-001  2.665282e-002
9.114707e-001  2.665445e-002
9.118529e-001  2.665594e-002
9.122338e-001  2.665747e-002
9.126147e-001  2.665922e-002
9.129970e-001  2.666129e-002
9.133778e-001  2.666369e-002
9.137601e-001  2.666637e-002
9.141410e-001  2.666916e-002
9.145232e-001  2.667191e-002
9.149041e-001  2.667448e-002
9.152850e-001  2.667679e-002
9.156673e-001  2.667886e-002
9.160481e-001  2.668074e-002
9.164304e-001  2.668255e-002
9.168113e-001  2.668438e-002
9.171935e-001  2.668633e-002
9.175744e-001  2.668842e-002
9.179553e-001  2.669062e-002
9.183376e-001  2.669289e-002
9.187184e-001  2.669515e-002
9.191007e-001  2.669737e-002
9.194816e-001  2.669952e-002
9.198638e-001  2.670162e-002
9.202447e-001  2.670369e-002
9.206256e-001  2.670576e-002
9.210079e-001  2.670785e-002
9.213887e-001  2.670993e-002
9.217710e-001  2.671198e-002
9.221519e-001  2.671393e-002
9.225328e-001  2.671579e-002
9.229150e-001  2.671758e-002
9.232959e-001  2.671935e-002
9.236782e-001  2.672124e-002
9.240590e-001  2.672331e-002
9.244413e-001  2.672568e-002
9.248222e-001  2.672833e-002
9.252031e-001  2.673120e-002
9.255853e-001  2.673419e-002
9.259662e-001  2.673711e-002
9.263485e-001  2.673984e-002
9.267293e-001  2.674226e-002
9.271116e-001  2.674439e-002
9.274925e-001  2.674631e-002
9.278734e-001  2.674821e-002
9.282556e-001  2.675029e-002
9.286365e-001  2.675269e-002
9.290188e-001  2.675551e-002
9.293996e-001  2.675871e-002
9.297819e-001  2.676219e-002
9.301628e-001  2.676571e-002
9.305437e-001  2.676908e-002
9.309259e-001  2.677215e-002
9.313068e-001  2.677484e-002
9.316891e-001  2.677721e-002
9.320699e-001  2.677939e-002
9.324508e-001  2.678159e-002
9.328331e-001  2.678401e-002
9.332140e-001  2.678676e-002
9.335962e-001  2.678991e-002
9.339771e-001  2.679337e-002
9.343594e-001  2.679701e-002
9.347402e-001  2.680064e-002
9.351211e-001  2.680412e-002
9.355034e-001  2.680737e-002
9.358843e-001  2.681036e-002
9.362665e-001  2.681317e-002
9.366474e-001  2.681591e-002
9.370297e-001  2.681871e-002
9.374105e-001  2.682165e-002
9.377914e-001  2.682476e-002
9.381737e-001  2.682803e-002
9.385546e-001  2.683137e-002
9.389368e-001  2.683474e-002
9.393177e-001  2.683806e-002
9.397000e-001  2.684134e-002
9.400808e-001  2.684458e-002
9.404617e-001  2.684785e-002
9.408440e-001  2.685120e-002
9.412249e-001  2.685462e-002
9.416071e-001  2.685812e-002
9.419880e-001  2.686160e-002
9.423689e-001  2.686501e-002
9.427511e-001  2.686829e-002
9.431320e-001  2.687143e-002
9.435143e-001  2.687450e-002
9.438952e-001  2.687758e-002
9.442774e-001  2.688082e-002
9.446583e-001  2.688433e-002
9.450392e-001  2.688817e-002
9.454214e-001  2.689232e-002
9.458023e-001  2.689663e-002
9.461846e-001  2.690095e-002
9.465655e-001  2.690508e-002
9.469477e-001  2.690891e-002
9.473286e-001  2.691237e-002
9.477095e-001  2.691557e-002
9.480917e-001  2.691867e-002
9.484726e-001  2.692189e-002
9.488549e-001  2.692547e-002
9.492358e-001  2.692949e-002
9.496180e-001  2.693400e-002
9.499989e-001  2.693885e-002
9.503798e-001  2.694386e-002
9.507620e-001  2.694878e-002
9.511429e-001  2.695339e-002
9.515252e-001  2.695762e-002
9.519061e-001  2.696146e-002
9.522869e-001  2.696507e-002
9.526692e-001  2.696867e-002
9.530501e-001  2.697248e-002
9.534323e-001  2.697668e-002
9.538132e-001  2.698130e-002
9.541955e-001  2.698632e-002
9.545764e-001  2.699155e-002
9.549572e-001  2.699679e-002
9.553395e-001  2.700189e-002
9.557204e-001  2.700670e-002
9.561026e-001  2.701125e-002
9.564835e-001  2.701557e-002
9.568658e-001  2.701985e-002
9.572467e-001  2.702421e-002
9.576275e-001  2.702876e-002
9.580098e-001  2.703356e-002
9.583907e-001  2.703853e-002
9.587729e-001  2.704361e-002
9.591538e-001  2.704867e-002
9.595361e-001  2.705366e-002
9.599170e-001  2.705853e-002
9.602978e-001  2.706334e-002
9.606801e-001  2.706819e-002
9.610610e-001  2.707313e-002
9.614432e-001  2.707824e-002
9.618241e-001  2.708348e-002
9.622050e-001  2.708878e-002
9.625873e-001  2.709406e-002
9.629681e-001  2.709915e-002
9.633504e-001  2.710404e-002
9.637313e-001  2.710873e-002
9.641135e-001  2.711335e-002
9.644944e-001  2.711804e-002
9.648753e-001  2.712300e-002
9.652576e-001  2.712835e-002
9.656384e-001  2.713406e-002
9.660207e-001  2.714007e-002
9.664016e-001  2.714615e-002
9.667838e-001  2.715208e-002
9.671647e-001  2.715764e-002
9.675456e-001  2.716275e-002
9.679279e-001  2.716746e-002
9.683087e-001  2.717194e-002
9.686910e-001  2.717648e-002
9.690719e-001  2.718135e-002
9.694541e-001  2.718678e-002
9.698350e-001  2.719280e-002
9.702159e-001  2.719932e-002
9.705982e-001  2.720614e-002
9.709790e-001  2.721291e-002
9.713613e-001  2.721938e-002
9.717422e-001  2.722535e-002
9.721231e-001  2.723082e-002
9.725053e-001  2.723597e-002
9.728862e-001  2.724102e-002
9.732685e-001  2.724631e-002
9.736493e-001  2.725203e-002
9.740316e-001  2.725832e-002
9.744125e-001  2.726509e-002
9.747934e-001  2.727215e-002
9.751756e-001  2.727927e-002
9.755565e-001  2.728614e-002
9.759388e-001  2.729264e-002
9.763196e-001  2.729870e-002
9.767019e-001  2.730447e-002
9.770828e-001  2.731012e-002
9.774637e-001  2.731589e-002
9.778459e-001  2.732195e-002
9.782268e-001  2.732832e-002
9.786091e-001  2.733498e-002
9.789899e-001  2.734169e-002
9.793722e-001  2.734833e-002
9.797531e-001  2.735468e-002
9.801340e-001  2.736073e-002
9.805162e-001  2.736653e-002
9.808971e-001  2.737223e-002
9.812794e-001  2.737802e-002
9.816602e-001  2.738403e-002
9.820411e-001  2.739031e-002
9.824234e-001  2.739682e-002
9.828043e-001  2.740332e-002
9.831865e-001  2.740967e-002
9.835674e-001  2.741563e-002
9.839497e-001  2.742122e-002
9.843305e-001  2.742647e-002
9.847114e-001  2.743163e-002
9.850937e-001  2.743702e-002
9.854746e-001  2.744284e-002
9.858568e-001  2.744928e-002
9.862377e-001  2.745624e-002
9.866200e-001  2.746355e-002
9.870008e-001  2.747081e-002
9.873817e-001  2.747769e-002
9.877640e-001  2.748395e-002
9.881449e-001  2.748949e-002
9.885271e-001  2.749451e-002
9.889080e-001  2.749929e-002
9.892903e-001  2.750432e-002
9.896711e-001  2.750992e-002
9.900520e-001  2.751633e-002
9.904343e-001  2.752353e-002
9.908152e-001  2.753122e-002
9.911974e-001  2.753899e-002
9.915783e-001  2.754635e-002
9.919606e-001  2.755298e-002
9.923414e-001  2.755871e-002
9.927223e-001  2.756371e-002
9.931046e-001  2.756835e-002
9.934855e-001  2.757307e-002
9.938677e-001  2.757837e-002
9.942486e-001  2.758446e-002
9.946295e-001  2.759141e-002
9.950117e-001  2.759901e-002
9.953926e-001  2.760679e-002
9.957749e-001  2.761435e-002
9.961558e-001  2.762128e-002
9.965380e-001  2.762746e-002
9.969189e-001  2.763292e-002
9.972998e-001  2.763797e-002
9.976820e-001  2.764300e-002
9.980629e-001  2.764830e-002
9.984452e-001  2.765410e-002
9.988261e-001  2.766034e-002
9.992083e-001  2.766688e-002
9.995892e-001  2.767339e-002
9.999701e-001  2.767966e-002
1.000352e+000  2.768560e-002
1.000733e+000  2.769129e-002
1.001115e+000  2.769701e-002
1.001496e+000  2.770307e-002
1.001879e+000  2.770979e-002
1.002260e+000  2.771715e-002
1.002640e+000  2.772497e-002
1.003023e+000  2.773289e-002
1.003404e+000  2.774026e-002
1.003786e+000  2.774666e-002
1.004167e+000  2.775184e-002
1.004548e+000  2.775599e-002
1.004930e+000  2.775968e-002
1.005311e+000  2.776368e-002
1.005693e+000  2.776883e-002
1.006074e+000  2.777565e-002
1.006456e+000  2.778424e-002
1.006837e+000  2.779402e-002
1.007218e+000  2.780405e-002
1.007600e+000  2.781313e-002

