Sample description: 
Parent(s): 1a5o_pdb1.dat
 1.176470e-002  9.273270e-001  3.125711e-005
 1.568630e-002  8.775447e-001  2.669600e-005
 1.960780e-002  8.170589e-001  2.346611e-005
 2.352940e-002  7.485447e-001  2.098757e-005
 2.745100e-002  6.746263e-001  1.898719e-005
 3.137250e-002  5.977867e-001  1.731976e-005
 3.529410e-002  5.207452e-001  1.590104e-005
 3.921570e-002  4.457933e-001  1.467914e-005
 4.313730e-002  3.749501e-001  1.361999e-005
 4.705880e-002  3.097284e-001  1.269989e-005
 5.098040e-002  2.513100e-001  1.190106e-005
 5.490200e-002  2.002943e-001  1.120915e-005
 5.882350e-002  1.569163e-001  1.061164e-005
 6.274510e-002  1.209843e-001  1.009700e-005
 6.666670e-002  9.206582e-002  9.654404e-006
 7.058820e-002  6.935740e-002  9.273511e-006
 7.450980e-002  5.209815e-002  8.944617e-006
 7.843140e-002  3.930886e-002  8.658851e-006
 8.235290e-002  3.011118e-002  8.408312e-006
 8.627450e-002  2.366979e-002  8.186177e-006
 9.019610e-002  1.920760e-002  7.986759e-006
 9.411760e-002  1.615369e-002  7.805468e-006
 9.803920e-002  1.401852e-002  7.638723e-006
 1.019610e-001  1.244386e-002  7.483816e-006
 1.058820e-001  1.117860e-002  7.338794e-006
 1.098040e-001  1.006352e-002  7.202163e-006
 1.137250e-001  9.076723e-003  7.072985e-006
 1.176470e-001  8.138702e-003  6.950467e-006
 1.215690e-001  7.264830e-003  6.834097e-006
 1.254900e-001  6.451527e-003  6.723462e-006
 1.294120e-001  5.723511e-003  6.618122e-006
 1.333330e-001  5.101588e-003  6.517771e-006
 1.372550e-001  4.551839e-003  6.422009e-006
 1.411760e-001  4.078598e-003  6.330548e-006
 1.450980e-001  3.675194e-003  6.243016e-006
 1.490200e-001  3.339213e-003  6.159131e-006
 1.529410e-001  3.029773e-003  6.078637e-006
 1.568630e-001  2.758152e-003  6.001245e-006
 1.607840e-001  2.505772e-003  5.926777e-006
 1.647060e-001  2.270898e-003  5.855008e-006
 1.686270e-001  2.037547e-003  5.785811e-006
 1.725490e-001  1.834833e-003  5.719009e-006
 1.764710e-001  1.641759e-003  5.654490e-006
 1.803920e-001  1.470470e-003  5.592149e-006
 1.843140e-001  1.309919e-003  5.531845e-006
 1.882350e-001  1.175544e-003  5.473502e-006
 1.921570e-001  1.042279e-003  5.416987e-006
 1.960780e-001  9.423851e-004  5.362233e-006
 2.000000e-001  8.546525e-004  5.309121e-006
 2.039220e-001  7.777922e-004  5.257579e-006
 2.078430e-001  6.875045e-004  5.207543e-006
 2.117650e-001  6.449413e-004  5.158916e-006
 2.156860e-001  5.948089e-004  5.111660e-006
 2.196080e-001  5.438592e-004  5.065689e-006
 2.235290e-001  5.065314e-004  5.020970e-006
 2.274510e-001  4.862167e-004  4.977432e-006
 2.313730e-001  4.757930e-004  4.935033e-006
 2.352940e-001  4.689447e-004  4.893733e-006
 2.392160e-001  4.819609e-004  4.853465e-006
 2.431370e-001  4.932289e-004  4.814203e-006
 2.470590e-001  5.017842e-004  4.775879e-006
 2.509800e-001  5.214960e-004  4.738470e-006
 2.549020e-001  5.340367e-004  4.701918e-006
 2.588240e-001  5.420122e-004  4.666191e-006
 2.627450e-001  5.612691e-004  4.631270e-006
 2.666670e-001  5.590649e-004  4.597100e-006
 2.705880e-001  5.699763e-004  4.563674e-006
 2.745100e-001  5.622813e-004  4.530950e-006
 2.784310e-001  5.553726e-004  4.498920e-006
 2.823530e-001  5.622855e-004  4.467548e-006
 2.862750e-001  5.502330e-004  4.436819e-006
 2.901960e-001  5.372205e-004  4.406722e-006
 2.941180e-001  5.293711e-004  4.377221e-006
 2.980390e-001  5.249128e-004  4.348311e-006
 3.019610e-001  5.142830e-004  4.319957e-006
 3.058820e-001  5.068260e-004  4.292156e-006
 3.098040e-001  4.959387e-004  4.264874e-006
 3.137250e-001  4.796622e-004  4.238111e-006
 3.176470e-001  4.742517e-004  4.211835e-006
 3.215690e-001  4.503245e-004  4.186040e-006
 3.254900e-001  4.363973e-004  4.160718e-006
 3.294120e-001  4.280544e-004  4.135845e-006
 3.333330e-001  4.167018e-004  4.111419e-006
 3.372550e-001  4.011909e-004  4.087420e-006
 3.411760e-001  3.999420e-004  4.063846e-006
 3.450980e-001  3.844283e-004  4.040675e-006
 3.490200e-001  3.804752e-004  4.017901e-006
 3.529410e-001  3.820863e-004  3.995518e-006
 3.568630e-001  3.882635e-004  3.973505e-006
 3.607840e-001  3.864523e-004  3.951859e-006
 3.647060e-001  3.936784e-004  3.930557e-006
 3.686270e-001  3.980676e-004  3.909602e-006
 3.725490e-001  3.943982e-004  3.888970e-006
 3.764710e-001  3.941160e-004  3.868659e-006
 3.803920e-001  3.910584e-004  3.848662e-006
 3.843140e-001  3.795506e-004  3.828963e-006
 3.882350e-001  3.847930e-004  3.809564e-006
 3.921570e-001  3.709466e-004  3.790447e-006
 3.960780e-001  3.650189e-004  3.771618e-006
 4.000000e-001  3.443704e-004  3.753058e-006
 4.039220e-001  3.395509e-004  3.734769e-006
 4.078430e-001  3.271413e-004  3.716749e-006
 4.117650e-001  3.152017e-004  3.698984e-006
 4.156860e-001  3.060992e-004  3.681477e-006
 4.196080e-001  2.983909e-004  3.664213e-006
 4.235290e-001  2.944284e-004  3.647197e-006
 4.274510e-001  2.794148e-004  3.630416e-006
 4.313730e-001  2.869950e-004  3.613867e-006
 4.352940e-001  2.840940e-004  3.597549e-006
 4.392160e-001  2.739904e-004  3.581450e-006
 4.431370e-001  2.733116e-004  3.565572e-006
 4.470590e-001  2.858476e-004  3.549902e-006
 4.509800e-001  2.823342e-004  3.534445e-006
 4.549020e-001  2.896615e-004  3.519187e-006
 4.588240e-001  3.027866e-004  3.504128e-006
 4.627450e-001  3.064840e-004  3.489267e-006
 4.666670e-001  3.148155e-004  3.474589e-006
 4.705880e-001  3.223383e-004  3.460101e-006
 4.745100e-001  3.395996e-004  3.445789e-006
 4.784310e-001  3.363604e-004  3.431657e-006
 4.823530e-001  3.543112e-004  3.417694e-006
 4.862750e-001  3.616589e-004  3.403897e-006
 4.901960e-001  3.593896e-004  3.390267e-006
 4.941180e-001  3.699994e-004  3.376796e-006
 4.980390e-001  3.706921e-004  3.363483e-006
datop-operation: /tmp/intwitherrors-avrg-i-mw.dat DIV 7.14228e+07
datcrop-smin: 1.00000E-02
datcrop-smax: 5.00000E+00
datcrop-smin: 1.00000E-02
datcrop-smax: 5.00000E-01
parent: 1a5o_pdb1.dat
creator: datop
creator-version: v0.4 (r12106M)
datop-operation: 1a5o_pdb1.dat DIV 14.1
