Sample description: [1] Pconcetr
Sample: [1] Pconcetr  c= 4.32 mg/ml  Code: Pconcetr
Parent(s): SASDF73.dat
 1.000000e-002  9.877071e-001  3.911609e-003
 1.176470e-002  9.677071e-001  3.911609e-003
 1.568630e-002  9.431122e-001  2.865243e-003
 1.960780e-002  9.125633e-001  2.231493e-003
 2.352940e-002  8.769993e-001  2.060564e-003
 2.745100e-002  8.386103e-001  1.852769e-003
 3.137250e-002  7.890506e-001  1.585055e-003
 3.529410e-002  7.449833e-001  1.567074e-003
 3.921570e-002  7.010324e-001  1.692863e-003
 4.313730e-002  6.532734e-001  1.796782e-003
 4.705880e-002  5.971390e-001  1.881738e-003
 5.098040e-002  5.493929e-001  1.765290e-003
 5.490200e-002  5.029934e-001  1.564647e-003
 5.882350e-002  4.499586e-001  1.541879e-003
 6.274510e-002  4.113114e-001  1.473843e-003
 6.666670e-002  3.663528e-001  1.325656e-003
 7.058820e-002  3.272350e-001  1.348572e-003
 7.450980e-002  2.879513e-001  1.293058e-003
 7.843140e-002  2.546678e-001  1.167790e-003
 8.235290e-002  2.222554e-001  1.191224e-003
 8.627450e-002  1.974640e-001  1.149445e-003
 9.019610e-002  1.696174e-001  1.036467e-003
 9.411760e-002  1.464904e-001  1.067385e-003
 9.803920e-002  1.261831e-001  1.031622e-003
 1.019610e-001  1.101568e-001  1.000694e-003
 1.058820e-001  9.580268e-002  9.190103e-004
 1.098040e-001  8.081504e-002  9.469262e-004
 1.137250e-001  6.868099e-002  9.251273e-004
 1.176470e-001  6.063395e-002  8.534976e-004
 1.215690e-001  5.146549e-002  9.581695e-004
 1.254900e-001  4.801341e-002  1.011946e-003
 1.294120e-001  4.041592e-002  8.652429e-004
 1.333330e-001  3.582337e-002  8.716685e-004
 1.372550e-001  3.253103e-002  8.539419e-004
 1.411760e-001  2.996966e-002  7.921996e-004
 1.450980e-001  2.875339e-002  8.279687e-004
 1.490200e-001  2.547429e-002  8.366110e-004
 1.529410e-001  2.516213e-002  8.058715e-004
 1.568630e-001  2.188639e-002  8.012618e-004
 1.607840e-001  2.132279e-002  7.954279e-004
 1.647060e-001  2.056646e-002  7.384382e-004
 1.686270e-001  1.945210e-002  7.728801e-004
 1.725490e-001  1.827924e-002  7.642605e-004
 1.764710e-001  1.753593e-002  7.127279e-004
 1.803920e-001  1.650410e-002  7.481816e-004
 1.843140e-001  1.647812e-002  7.400180e-004
 1.882350e-001  1.436176e-002  6.912908e-004
 1.921570e-001  1.311611e-002  7.219345e-004
 1.960780e-001  1.145113e-002  7.144687e-004
 2.000000e-001  1.117616e-002  6.783401e-004
 2.039220e-001  1.195825e-002  7.769684e-004
 2.078430e-001  1.019140e-002  7.722243e-004
 2.117650e-001  9.686086e-003  7.180833e-004
 2.156860e-001  9.287785e-003  6.632760e-004
 2.196080e-001  9.051094e-003  6.968133e-004
 2.235290e-001  7.424856e-003  6.875041e-004
 2.274510e-001  8.123979e-003  6.427210e-004
 2.313730e-001  8.363081e-003  6.745655e-004
 2.352940e-001  7.801279e-003  6.689605e-004
 2.392160e-001  7.549764e-003  6.257964e-004
 2.431370e-001  7.452350e-003  6.572659e-004
 2.470590e-001  7.112002e-003  6.527861e-004
 2.509800e-001  6.561571e-003  6.078440e-004
 2.549020e-001  6.865661e-003  6.409180e-004
 2.588240e-001  6.432485e-003  6.371610e-004
 2.627450e-001  7.034923e-003  5.978507e-004
 2.666670e-001  7.583077e-003  6.291227e-004
 2.705880e-001  5.447150e-003  6.244418e-004
 2.745100e-001  4.923228e-003  5.855436e-004
 2.784310e-001  5.551217e-003  6.156487e-004
 2.823530e-001  6.502963e-003  6.321114e-004
 2.862750e-001  6.381075e-003  6.321146e-004
 2.901960e-001  7.569869e-003  6.377285e-004
 2.941180e-001  6.742629e-003  6.193015e-004
 2.980390e-001  7.783959e-003  5.773204e-004
 3.019610e-001  6.767131e-003  6.063704e-004
 3.058820e-001  7.405783e-003  6.024743e-004
 3.098040e-001  6.775406e-003  5.626616e-004
 3.137250e-001  7.479324e-003  5.946768e-004
 3.176470e-001  6.951496e-003  5.902745e-004
 3.215690e-001  5.887079e-003  5.844554e-004
 3.254900e-001  8.118268e-003  5.491049e-004
 3.294120e-001  7.137575e-003  5.793554e-004
 3.333330e-001  6.148339e-003  5.765687e-004
 3.372550e-001  7.206476e-003  5.495101e-004
 3.411760e-001  6.195682e-003  6.119292e-004
 3.450980e-001  6.981262e-003  6.224313e-004
 3.490200e-001  5.810609e-003  5.943180e-004
 3.529410e-001  6.657528e-003  6.365785e-004
 3.568630e-001  6.011315e-003  6.397831e-004
 3.607840e-001  5.970431e-003  6.055955e-004
 3.647060e-001  6.164742e-003  6.994221e-004
 3.686270e-001  6.247176e-003  7.374948e-004
 3.725490e-001  6.383011e-003  7.223212e-004
 3.764710e-001  6.164953e-003  7.935648e-004
 3.803920e-001  6.597024e-003  8.159260e-004
 3.843140e-001  6.352672e-003  7.950436e-004
 3.882350e-001  4.223918e-003  8.685820e-004
 3.921570e-001  4.874077e-003  8.901906e-004
 3.960780e-001  7.125079e-003  8.527036e-004
 4.000000e-001  6.800919e-003  9.283667e-004
 4.039220e-001  5.390925e-003  9.548245e-004
 4.078430e-001  5.576876e-003  9.281785e-004
 4.117650e-001  7.997213e-003  1.018925e-003
 4.156860e-001  6.332616e-003  1.047493e-003
 4.196080e-001  5.177880e-003  1.081013e-003
 4.235290e-001  7.120573e-003  1.056432e-003
 4.274510e-001  9.135021e-003  1.161793e-003
 4.313730e-001  6.397912e-003  1.205654e-003
 4.352940e-001  8.321989e-003  1.183346e-003
 4.392160e-001  5.028406e-003  1.302035e-003
 4.431370e-001  8.419427e-003  1.320751e-003
 4.470590e-001  8.457064e-003  1.293314e-003
 4.509800e-001  6.553155e-003  1.436878e-003
 4.549020e-001  9.992566e-003  1.514458e-003
 4.588240e-001  7.588843e-003  1.513549e-003
 4.627450e-001  1.079711e-002  1.704951e-003
 4.666670e-001  7.121925e-003  1.826300e-003
 4.705880e-001  8.741213e-003  1.857169e-003
 4.745100e-001  8.846257e-003  2.175951e-003
 4.784310e-001  6.546457e-003  2.419811e-003
 4.823530e-001  7.222504e-003  2.625989e-003
 4.862750e-001  6.590481e-003  3.402993e-003
 4.901960e-001  5.830933e-003  4.574543e-003
 4.941180e-001  1.418750e-002  1.126257e-002
range-from: 1
range-to: 125
AutoRg: Quality: 95.5%
Code: Pconcetr
Concentration: 4.32
Measurement Temperature (degrees C): 9.92
Storage Temperature (degrees C): 10.0
range-from: 2
range-to: 1043
parent: SASDF73.dat
creator: datop
creator-version: v0.4 (r12106M)
datop-operation: SASDF73.dat DIV 5.34
